TABLE NO.     1: First Order Conditional Estimation with Interaction: Problem=1 Subproblem=0 Superproblem1=0 Iteration1=0 Superproblem2=0 Iteration2=0
 NAME         THETA1       THETA2       THETA3       THETA4       THETA5       THETA6       THETA7       THETA8       THETA9       SIGMA(1,1)   SIGMA(2,1)   SIGMA(2,2)   OMEGA(1,1)   OMEGA(2,1)   OMEGA(2,2)
 THETA1        4.26614E-02 -1.98984E-02  5.95847E-03 -1.04206E-01 -3.96986E-03  1.42049E-04 -9.39723E-04  2.42290E-04 -1.04251E-04 -5.06690E-04  0.00000E+00  0.00000E+00  9.69722E-03  0.00000E+00 -1.15065E-03
 THETA2       -1.98984E-02  8.94169E-01 -2.41676E-01 -4.83989E+00  9.06359E-02 -2.94676E-04 -2.97012E-04  3.76700E-04  7.62258E-04  3.94958E-03  0.00000E+00  0.00000E+00 -8.17263E-03  0.00000E+00 -5.77417E-02
 THETA3        5.95847E-03 -2.41676E-01  1.77633E-01  3.15509E+00 -2.61099E-02  4.65822E-04 -6.01024E-05  4.77537E-04 -7.44696E-04  1.27532E-04  0.00000E+00  0.00000E+00  8.01808E-03  0.00000E+00  1.98454E-02
 THETA4       -1.04206E-01 -4.83989E+00  3.15509E+00  5.87436E+01 -5.62265E-01  1.07262E-02  4.53137E-04  7.86215E-03 -1.26570E-02 -3.29201E-03  0.00000E+00  0.00000E+00  1.62713E-01  0.00000E+00  4.11766E-01
 THETA5       -3.96986E-03  9.06359E-02 -2.61099E-02 -5.62265E-01  6.48596E-02 -1.51487E-05 -2.67201E-04  7.25422E-05  7.79916E-05  1.16310E-03  0.00000E+00  0.00000E+00 -8.68234E-03  0.00000E+00 -6.10015E-03
 THETA6        1.42049E-04 -2.94676E-04  4.65822E-04  1.07262E-02 -1.51487E-05  2.26436E-04 -6.06042E-05  1.94652E-06 -1.79878E-06  1.91308E-05  0.00000E+00  0.00000E+00  3.09694E-04  0.00000E+00  1.04668E-04
 THETA7       -9.39723E-04 -2.97012E-04 -6.01024E-05  4.53137E-04 -2.67201E-04 -6.06042E-05  5.09362E-04 -1.83354E-05  6.84700E-06 -1.71100E-05  0.00000E+00  0.00000E+00 -1.29887E-04  0.00000E+00  9.67871E-05
 THETA8        2.42290E-04  3.76700E-04  4.77537E-04  7.86215E-03  7.25422E-05  1.94652E-06 -1.83354E-05  4.15844E-05 -2.66778E-06 -9.79641E-06  0.00000E+00  0.00000E+00  1.86509E-04  0.00000E+00 -3.53980E-05
 THETA9       -1.04251E-04  7.62258E-04 -7.44696E-04 -1.26570E-02  7.79916E-05 -1.79878E-06  6.84700E-06 -2.66778E-06  7.90049E-06 -4.66146E-06  0.00000E+00  0.00000E+00 -1.49638E-05  0.00000E+00 -1.20196E-04
 SIGMA(1,1)   -5.06690E-04  3.94958E-03  1.27532E-04 -3.29201E-03  1.16310E-03  1.91308E-05 -1.71100E-05 -9.79641E-06 -4.66146E-06  1.97065E-04  0.00000E+00  0.00000E+00 -9.93209E-04  0.00000E+00 -8.68409E-05
 SIGMA(2,1)    0.00000E+00  0.00000E+00  0.00000E+00  0.00000E+00  0.00000E+00  0.00000E+00  0.00000E+00  0.00000E+00  0.00000E+00  0.00000E+00  0.00000E+00  0.00000E+00  0.00000E+00  0.00000E+00  0.00000E+00
 SIGMA(2,2)    0.00000E+00  0.00000E+00  0.00000E+00  0.00000E+00  0.00000E+00  0.00000E+00  0.00000E+00  0.00000E+00  0.00000E+00  0.00000E+00  0.00000E+00  0.00000E+00  0.00000E+00  0.00000E+00  0.00000E+00
 OMEGA(1,1)    9.69722E-03 -8.17263E-03  8.01808E-03  1.62713E-01 -8.68234E-03  3.09694E-04 -1.29887E-04  1.86509E-04 -1.49638E-05 -9.93209E-04  0.00000E+00  0.00000E+00  2.87363E-02  0.00000E+00 -1.26866E-03
 OMEGA(2,1)    0.00000E+00  0.00000E+00  0.00000E+00  0.00000E+00  0.00000E+00  0.00000E+00  0.00000E+00  0.00000E+00  0.00000E+00  0.00000E+00  0.00000E+00  0.00000E+00  0.00000E+00  0.00000E+00  0.00000E+00
 OMEGA(2,2)   -1.15065E-03 -5.77417E-02  1.98454E-02  4.11766E-01 -6.10015E-03  1.04668E-04  9.67871E-05 -3.53980E-05 -1.20196E-04 -8.68409E-05  0.00000E+00  0.00000E+00 -1.26866E-03  0.00000E+00  8.86507E-03
