TABLE NO.     1: First Order Conditional Estimation with Interaction: Problem=1 Subproblem=0 Superproblem1=0 Iteration1=0 Superproblem2=0 Iteration2=0
 NAME         THETA1       THETA2       THETA3       THETA4       THETA5       THETA6       THETA7       THETA8       THETA9       THETA10      SIGMA(1,1)   SIGMA(2,1)   SIGMA(2,2)   OMEGA(1,1)   OMEGA(2,1)   OMEGA(2,2)
 THETA1        3.40348E-02  8.74269E-03 -1.84174E-02 -5.54170E-01 -1.93239E-03  5.86987E-05 -4.79210E-05  2.12470E-04 -1.62927E-05  5.69404E-05 -3.76164E-04  0.00000E+00  0.00000E+00  9.22148E-03  0.00000E+00 -2.99895E-03
 THETA2        8.74269E-03  6.60050E-01 -5.78251E-02 -1.76401E+00  5.10413E-02 -4.46760E-04  3.29726E-03  8.46645E-04  6.46546E-04 -4.99306E-05  5.12370E-03  0.00000E+00  0.00000E+00 -4.18734E-02  0.00000E+00 -4.26548E-02
 THETA3       -1.84174E-02 -5.78251E-02  1.25666E-01  2.49718E+00 -5.98782E-03  3.78902E-03  4.22876E-04 -1.12700E-03  7.07021E-04 -5.36274E-04  9.77052E-04  0.00000E+00  0.00000E+00 -4.74706E-04  0.00000E+00  2.49301E-03
 THETA4       -5.54170E-01 -1.76401E+00  2.49718E+00  5.25332E+01 -2.13958E-01  7.23017E-02 -3.23931E-03 -2.42062E-02  1.38511E-02 -9.98549E-03  1.02772E-02  0.00000E+00  0.00000E+00  8.14101E-02  0.00000E+00  1.36982E-01
 THETA5       -1.93239E-03  5.10413E-02 -5.98782E-03 -2.13958E-01  5.38860E-02 -1.60656E-05  4.91717E-04  1.84261E-04  7.04506E-05 -2.45746E-05  1.19978E-03  0.00000E+00  0.00000E+00 -1.41945E-02  0.00000E+00 -4.44024E-03
 THETA6        5.86987E-05 -4.46760E-04  3.78902E-03  7.23017E-02 -1.60656E-05  4.32377E-04 -4.50688E-05 -2.89490E-05  1.28389E-05 -1.94735E-05  6.93360E-05  0.00000E+00  0.00000E+00  9.28447E-05  0.00000E+00 -1.26418E-04
 THETA7       -4.79210E-05  3.29726E-03  4.22876E-04 -3.23931E-03  4.91717E-04 -4.50688E-05  3.80067E-04  3.45489E-05  2.39077E-07 -3.87513E-06  4.71279E-05  0.00000E+00  0.00000E+00 -1.37203E-03  0.00000E+00 -3.31716E-04
 THETA8        2.12470E-04  8.46645E-04 -1.12700E-03 -2.42062E-02  1.84261E-04 -2.89490E-05  3.45489E-05  2.56525E-05 -4.72843E-06  4.14603E-06  2.21234E-06  0.00000E+00  0.00000E+00 -3.76465E-04  0.00000E+00 -1.22904E-04
 THETA9       -1.62927E-05  6.46546E-04  7.07021E-04  1.38511E-02  7.04506E-05  1.28389E-05  2.39077E-07 -4.72843E-06  3.41045E-05 -2.97844E-06 -4.05803E-06  0.00000E+00  0.00000E+00  8.34296E-05  0.00000E+00 -4.63724E-05
 THETA10       5.69404E-05 -4.99306E-05 -5.36274E-04 -9.98549E-03 -2.45746E-05 -1.94735E-05 -3.87513E-06  4.14603E-06 -2.97844E-06  5.27658E-06 -1.11387E-05  0.00000E+00  0.00000E+00  6.83751E-05  0.00000E+00  8.51643E-06
 SIGMA(1,1)   -3.76164E-04  5.12370E-03  9.77052E-04  1.02772E-02  1.19978E-03  6.93360E-05  4.71279E-05  2.21234E-06 -4.05803E-06 -1.11387E-05  2.30150E-04  0.00000E+00  0.00000E+00 -1.67654E-03  0.00000E+00 -3.65065E-04
 SIGMA(2,1)    0.00000E+00  0.00000E+00  0.00000E+00  0.00000E+00  0.00000E+00  0.00000E+00  0.00000E+00  0.00000E+00  0.00000E+00  0.00000E+00  0.00000E+00  0.00000E+00  0.00000E+00  0.00000E+00  0.00000E+00  0.00000E+00
 SIGMA(2,2)    0.00000E+00  0.00000E+00  0.00000E+00  0.00000E+00  0.00000E+00  0.00000E+00  0.00000E+00  0.00000E+00  0.00000E+00  0.00000E+00  0.00000E+00  0.00000E+00  0.00000E+00  0.00000E+00  0.00000E+00  0.00000E+00
 OMEGA(1,1)    9.22148E-03 -4.18734E-02 -4.74706E-04  8.14101E-02 -1.41945E-02  9.28447E-05 -1.37203E-03 -3.76465E-04  8.34296E-05  6.83751E-05 -1.67654E-03  0.00000E+00  0.00000E+00  4.09939E-02  0.00000E+00  2.48048E-03
 OMEGA(2,1)    0.00000E+00  0.00000E+00  0.00000E+00  0.00000E+00  0.00000E+00  0.00000E+00  0.00000E+00  0.00000E+00  0.00000E+00  0.00000E+00  0.00000E+00  0.00000E+00  0.00000E+00  0.00000E+00  0.00000E+00  0.00000E+00
 OMEGA(2,2)   -2.99895E-03 -4.26548E-02  2.49301E-03  1.36982E-01 -4.44024E-03 -1.26418E-04 -3.31716E-04 -1.22904E-04 -4.63724E-05  8.51643E-06 -3.65065E-04  0.00000E+00  0.00000E+00  2.48048E-03  0.00000E+00  1.38082E-02
