TABLE NO.     1: First Order Conditional Estimation with Interaction: Problem=1 Subproblem=0 Superproblem1=0 Iteration1=0 Superproblem2=0 Iteration2=0
 NAME         THETA1       THETA2       THETA3       THETA4       THETA5       THETA6       THETA7       THETA8       THETA9       THETA10      SIGMA(1,1)   SIGMA(2,1)   SIGMA(2,2)   OMEGA(1,1)   OMEGA(2,1)   OMEGA(2,2)
 THETA1        1.07947E+02  5.36556E+00 -1.88344E+02  1.03948E+01  7.79937E+00 -1.21898E+02  1.43835E+02 -6.15953E+02 -3.59941E+02  2.46932E+01  7.25669E+01  0.00000E+00  0.00000E+00 -3.44501E+01  0.00000E+00 -2.28479E+01
 THETA2        5.36556E+00  3.20864E+00 -9.98928E+00  7.46195E-01  1.51340E-01 -1.36223E+01 -1.31586E+01  8.78267E+01 -1.27682E+02  7.42195E+01 -4.90235E+01  0.00000E+00  0.00000E+00 -1.20754E+00  0.00000E+00  4.31394E+00
 THETA3       -1.88344E+02 -9.98928E+00  5.86920E+02 -2.91859E+01 -1.67217E+01  3.74785E+00 -6.29743E+02  2.17080E+03  2.70516E+02  2.58818E+03 -3.23553E+02  0.00000E+00  0.00000E+00  6.64671E+01  0.00000E+00  8.94720E+01
 THETA4        1.03948E+01  7.46195E-01 -2.91859E+01  1.55057E+00  1.02748E+00 -8.77287E+00  2.49523E+01 -4.87415E+01 -4.04415E+01 -5.22311E+01  1.41819E+01  0.00000E+00  0.00000E+00 -3.22152E+00  0.00000E+00 -4.28432E+00
 THETA5        7.79937E+00  1.51340E-01 -1.67217E+01  1.02748E+00  2.31487E+01 -9.47266E+00  1.34647E+01 -2.87667E+01 -1.30362E+02  1.22493E+01 -7.71355E+01  0.00000E+00  0.00000E+00  1.50035E+00  0.00000E+00 -3.42115E-01
 THETA6       -1.21898E+02 -1.36223E+01  3.74785E+00 -8.77287E+00 -9.47266E+00  3.76557E+03  8.60362E+02 -3.65710E+03  1.97148E+03  2.13896E+03 -7.50704E+02  0.00000E+00  0.00000E+00 -2.55649E+01  0.00000E+00  2.73910E+01
 THETA7        1.43835E+02 -1.31586E+01 -6.29743E+02  2.49523E+01  1.34647E+01  8.60362E+02  4.47031E+03 -1.01990E+04  1.29739E+03 -1.49410E+03  6.65397E+02  0.00000E+00  0.00000E+00 -1.14928E+01  0.00000E+00 -8.94925E+01
 THETA8       -6.15953E+02  8.78267E+01  2.17080E+03 -4.87415E+01 -2.87667E+01 -3.65710E+03 -1.01990E+04  1.18055E+05 -1.04388E+04  3.73266E+03  1.66996E+03  0.00000E+00  0.00000E+00  1.12644E+03  0.00000E+00  7.96603E+02
 THETA9       -3.59941E+02 -1.27682E+02  2.70516E+02 -4.04415E+01 -1.30362E+02  1.97148E+03  1.29739E+03 -1.04388E+04  4.09457E+04  1.13143E+02  3.54070E+03  0.00000E+00  0.00000E+00 -8.38460E+00  0.00000E+00  2.66945E+01
 THETA10       2.46932E+01  7.42195E+01  2.58818E+03 -5.22311E+01  1.22493E+01  2.13896E+03 -1.49410E+03  3.73266E+03  1.13143E+02  3.73759E+05  6.45387E+03  0.00000E+00  0.00000E+00 -1.89058E+02  0.00000E+00  2.80798E+02
 SIGMA(1,1)    7.25669E+01 -4.90235E+01 -3.23553E+02  1.41819E+01 -7.71355E+01 -7.50704E+02  6.65397E+02  1.66996E+03  3.54070E+03  6.45387E+03  9.07108E+03  0.00000E+00  0.00000E+00  2.68465E+02  0.00000E+00 -1.92708E+01
 SIGMA(2,1)    0.00000E+00  0.00000E+00  0.00000E+00  0.00000E+00  0.00000E+00  0.00000E+00  0.00000E+00  0.00000E+00  0.00000E+00  0.00000E+00  0.00000E+00  0.00000E+00  0.00000E+00  0.00000E+00  0.00000E+00  0.00000E+00
 SIGMA(2,2)    0.00000E+00  0.00000E+00  0.00000E+00  0.00000E+00  0.00000E+00  0.00000E+00  0.00000E+00  0.00000E+00  0.00000E+00  0.00000E+00  0.00000E+00  0.00000E+00  0.00000E+00  0.00000E+00  0.00000E+00  0.00000E+00
 OMEGA(1,1)   -3.44501E+01 -1.20754E+00  6.64671E+01 -3.22152E+00  1.50035E+00 -2.55649E+01 -1.14928E+01  1.12644E+03 -8.38460E+00 -1.89058E+02  2.68465E+02  0.00000E+00  0.00000E+00  5.89987E+01  0.00000E+00  1.53321E+01
 OMEGA(2,1)    0.00000E+00  0.00000E+00  0.00000E+00  0.00000E+00  0.00000E+00  0.00000E+00  0.00000E+00  0.00000E+00  0.00000E+00  0.00000E+00  0.00000E+00  0.00000E+00  0.00000E+00  0.00000E+00  0.00000E+00  0.00000E+00
 OMEGA(2,2)   -2.28479E+01  4.31394E+00  8.94720E+01 -4.28432E+00 -3.42115E-01  2.73910E+01 -8.94925E+01  7.96603E+02  2.66945E+01  2.80798E+02 -1.92708E+01  0.00000E+00  0.00000E+00  1.53321E+01  0.00000E+00  1.08866E+02
