TABLE NO.     1: First Order Conditional Estimation with Interaction: Problem=1 Subproblem=0 Superproblem1=0 Iteration1=0 Superproblem2=0 Iteration2=0
 NAME         THETA1       THETA2       THETA3       THETA4       THETA5       THETA6       THETA7       THETA8       THETA9       SIGMA(1,1)   SIGMA(2,1)   SIGMA(2,2)   OMEGA(1,1)   OMEGA(2,1)   OMEGA(2,2)
 THETA1        2.06546E-01 -1.01880E-01  6.84472E-02 -6.58259E-02 -7.54694E-02  4.57033E-02 -2.01590E-01  1.81909E-01 -1.79572E-01 -1.74751E-01  0.00000E+00  0.00000E+00  2.76958E-01  0.00000E+00 -5.91678E-02
 THETA2       -1.01880E-01  9.45605E-01 -6.06405E-01 -6.67798E-01  3.76360E-01 -2.07091E-02 -1.39172E-02  6.17762E-02  2.86791E-01  2.97534E-01  0.00000E+00  0.00000E+00 -5.09844E-02  0.00000E+00 -6.48543E-01
 THETA3        6.84472E-02 -6.06405E-01  4.21465E-01  9.76719E-01 -2.43252E-01  7.34489E-02 -6.31854E-03  1.75704E-01 -6.28623E-01  2.15553E-02  0.00000E+00  0.00000E+00  1.12226E-01  0.00000E+00  5.00100E-01
 THETA4       -6.58259E-02 -6.67798E-01  9.76719E-01  7.66444E+00 -2.88054E-01  9.30018E-02  2.61960E-03  1.59073E-01 -5.87522E-01 -3.05968E-02  0.00000E+00  0.00000E+00  1.25235E-01  0.00000E+00  5.70596E-01
 THETA5       -7.54694E-02  3.76360E-01 -2.43252E-01 -2.88054E-01  2.54675E-01 -3.95290E-03 -4.64877E-02  4.41711E-02  1.08952E-01  3.25332E-01  0.00000E+00  0.00000E+00 -2.01110E-01  0.00000E+00 -2.54397E-01
 THETA6        4.57033E-02 -2.07091E-02  7.34489E-02  9.30018E-02 -3.95290E-03  1.50478E-02 -1.78450E-01  2.00596E-02 -4.25284E-02  9.05642E-02  0.00000E+00  0.00000E+00  1.21407E-01  0.00000E+00  7.38753E-02
 THETA7       -2.01590E-01 -1.39172E-02 -6.31854E-03  2.61960E-03 -4.64877E-02 -1.78450E-01  2.25691E-02 -1.25983E-01  1.07934E-01 -5.40049E-02  0.00000E+00  0.00000E+00 -3.39498E-02  0.00000E+00  4.55473E-02
 THETA8        1.81909E-01  6.17762E-02  1.75704E-01  1.59073E-01  4.41711E-02  2.00596E-02 -1.25983E-01  6.44859E-03 -1.47183E-01 -1.08218E-01  0.00000E+00  0.00000E+00  1.70616E-01  0.00000E+00 -5.83005E-02
 THETA9       -1.79572E-01  2.86791E-01 -6.28623E-01 -5.87522E-01  1.08952E-01 -4.25284E-02  1.07934E-01 -1.47183E-01  2.81078E-03 -1.18138E-01  0.00000E+00  0.00000E+00 -3.14051E-02  0.00000E+00 -4.54174E-01
 SIGMA(1,1)   -1.74751E-01  2.97534E-01  2.15553E-02 -3.05968E-02  3.25332E-01  9.05642E-02 -5.40049E-02 -1.08218E-01 -1.18138E-01  1.40380E-02  0.00000E+00  0.00000E+00 -4.17370E-01  0.00000E+00 -6.57020E-02
 SIGMA(2,1)    0.00000E+00  0.00000E+00  0.00000E+00  0.00000E+00  0.00000E+00  0.00000E+00  0.00000E+00  0.00000E+00  0.00000E+00  0.00000E+00  0.00000E+00  0.00000E+00  0.00000E+00  0.00000E+00  0.00000E+00
 SIGMA(2,2)    0.00000E+00  0.00000E+00  0.00000E+00  0.00000E+00  0.00000E+00  0.00000E+00  0.00000E+00  0.00000E+00  0.00000E+00  0.00000E+00  0.00000E+00  0.00000E+00  0.00000E+00  0.00000E+00  0.00000E+00
 OMEGA(1,1)    2.76958E-01 -5.09844E-02  1.12226E-01  1.25235E-01 -2.01110E-01  1.21407E-01 -3.39498E-02  1.70616E-01 -3.14051E-02 -4.17370E-01  0.00000E+00  0.00000E+00  1.69518E-01  0.00000E+00 -7.94854E-02
 OMEGA(2,1)    0.00000E+00  0.00000E+00  0.00000E+00  0.00000E+00  0.00000E+00  0.00000E+00  0.00000E+00  0.00000E+00  0.00000E+00  0.00000E+00  0.00000E+00  0.00000E+00  0.00000E+00  0.00000E+00  0.00000E+00
 OMEGA(2,2)   -5.91678E-02 -6.48543E-01  5.00100E-01  5.70596E-01 -2.54397E-01  7.38753E-02  4.55473E-02 -5.83005E-02 -4.54174E-01 -6.57020E-02  0.00000E+00  0.00000E+00 -7.94854E-02  0.00000E+00  9.41545E-02
