TABLE NO.     1: First Order Conditional Estimation with Interaction: Problem=1 Subproblem=0 Superproblem1=0 Iteration1=0 Superproblem2=0 Iteration2=0
 NAME         THETA1       THETA2       THETA3       THETA4       THETA5       THETA6       THETA7       THETA8       THETA9       THETA10      THETA11      SIGMA(1,1)   SIGMA(2,1)   SIGMA(2,2)   OMEGA(1,1)   OMEGA(2,1)   OMEGA(2,2)
 THETA1        9.00995E+01  5.90738E+00 -1.71942E+02  1.02119E+01  7.37488E+00 -1.29679E+02  1.13600E+02 -3.39444E+01 -5.55307E+02 -3.61954E+02  2.42915E+02  6.82515E+01  0.00000E+00  0.00000E+00 -3.10850E+01  0.00000E+00 -2.55430E+01
 THETA2        5.90738E+00  3.19046E+00 -1.26551E+01  9.48539E-01  5.10225E-02 -1.50912E+01 -9.80150E+00 -8.67692E+00  1.14889E+02 -1.20572E+02  1.06328E+02 -5.08335E+01  0.00000E+00  0.00000E+00 -1.89247E+00  0.00000E+00  6.38377E+00
 THETA3       -1.71942E+02 -1.26551E+01  5.24241E+02 -2.91547E+01 -1.76692E+01  2.84951E+02 -3.44849E+02  1.10793E+02  1.49596E+03  5.34210E+02  1.36200E+03 -2.83240E+02  0.00000E+00  0.00000E+00  7.31900E+01  0.00000E+00  1.10221E+02
 THETA4        1.02119E+01  9.48539E-01 -2.91547E+01  1.71007E+00  1.16839E+00 -1.94493E+01  1.25047E+01 -3.70806E+00 -2.05170E+01 -5.34113E+01 -1.46931E+01  1.16896E+01  0.00000E+00  0.00000E+00 -3.93484E+00  0.00000E+00 -5.65313E+00
 THETA5        7.37488E+00  5.10225E-02 -1.76692E+01  1.16839E+00  2.18527E+01 -1.13954E+01  1.65995E+01  6.54599E+00 -3.15871E+01 -1.16797E+02  8.15824E+00 -7.87655E+01  0.00000E+00  0.00000E+00  1.13625E+00  0.00000E+00 -5.59525E-01
 THETA6       -1.29679E+02 -1.50912E+01  2.84951E+02 -1.94493E+01 -1.13954E+01  4.34339E+03  4.59645E+02 -4.23410E+03 -1.27019E+01  1.09686E+03 -1.01416E+03 -9.52310E+02  0.00000E+00  0.00000E+00 -2.50294E+01  0.00000E+00  2.41433E+01
 THETA7        1.13600E+02 -9.80150E+00 -3.44849E+02  1.25047E+01  1.65995E+01  4.59645E+02  3.45924E+03 -5.04881E+02 -8.71918E+03  8.18191E+02 -1.97252E+03  4.50383E+02  0.00000E+00  0.00000E+00 -3.78828E+01  0.00000E+00 -1.15099E+02
 THETA8       -3.39444E+01 -8.67692E+00  1.10793E+02 -3.70806E+00  6.54599E+00 -4.23410E+03 -5.04881E+02  5.89163E+03  2.07983E+02  4.27476E+02  2.25163E+03  1.24852E+03  0.00000E+00  0.00000E+00  1.01838E+02  0.00000E+00  1.04003E+02
 THETA9       -5.55307E+02  1.14889E+02  1.49596E+03 -2.05170E+01 -3.15871E+01 -1.27019E+01 -8.71918E+03  2.07983E+02  1.29973E+05 -1.05153E+04  2.36514E+03  1.16780E+03  0.00000E+00  0.00000E+00  1.17579E+03  0.00000E+00  8.89505E+02
 THETA10      -3.61954E+02 -1.20572E+02  5.34210E+02 -5.34113E+01 -1.16797E+02  1.09686E+03  8.18191E+02  4.27476E+02 -1.05153E+04  3.33412E+04  1.31128E+02  3.35740E+03  0.00000E+00  0.00000E+00  1.16314E+01  0.00000E+00  1.49500E+02
 THETA11       2.42915E+02  1.06328E+02  1.36200E+03 -1.46931E+01  8.15824E+00 -1.01416E+03 -1.97252E+03  2.25163E+03  2.36514E+03  1.31128E+02  2.22479E+05  4.65649E+03  0.00000E+00  0.00000E+00 -3.15328E+01  0.00000E+00  7.52623E+02
 SIGMA(1,1)    6.82515E+01 -5.08335E+01 -2.83240E+02  1.16896E+01 -7.87655E+01 -9.52310E+02  4.50383E+02  1.24852E+03  1.16780E+03  3.35740E+03  4.65649E+03  9.30071E+03  0.00000E+00  0.00000E+00  2.96152E+02  0.00000E+00 -3.37405E+01
 SIGMA(2,1)    0.00000E+00  0.00000E+00  0.00000E+00  0.00000E+00  0.00000E+00  0.00000E+00  0.00000E+00  0.00000E+00  0.00000E+00  0.00000E+00  0.00000E+00  0.00000E+00  0.00000E+00  0.00000E+00  0.00000E+00  0.00000E+00  0.00000E+00
 SIGMA(2,2)    0.00000E+00  0.00000E+00  0.00000E+00  0.00000E+00  0.00000E+00  0.00000E+00  0.00000E+00  0.00000E+00  0.00000E+00  0.00000E+00  0.00000E+00  0.00000E+00  0.00000E+00  0.00000E+00  0.00000E+00  0.00000E+00  0.00000E+00
 OMEGA(1,1)   -3.10850E+01 -1.89247E+00  7.31900E+01 -3.93484E+00  1.13625E+00 -2.50294E+01 -3.78828E+01  1.01838E+02  1.17579E+03  1.16314E+01 -3.15328E+01  2.96152E+02  0.00000E+00  0.00000E+00  6.03909E+01  0.00000E+00  2.28810E+01
 OMEGA(2,1)    0.00000E+00  0.00000E+00  0.00000E+00  0.00000E+00  0.00000E+00  0.00000E+00  0.00000E+00  0.00000E+00  0.00000E+00  0.00000E+00  0.00000E+00  0.00000E+00  0.00000E+00  0.00000E+00  0.00000E+00  0.00000E+00  0.00000E+00
 OMEGA(2,2)   -2.55430E+01  6.38377E+00  1.10221E+02 -5.65313E+00 -5.59525E-01  2.41433E+01 -1.15099E+02  1.04003E+02  8.89505E+02  1.49500E+02  7.52623E+02 -3.37405E+01  0.00000E+00  0.00000E+00  2.28810E+01  0.00000E+00  1.58413E+02
