TABLE NO.     1: First Order Conditional Estimation with Interaction: Problem=1 Subproblem=0 Superproblem1=0 Iteration1=0 Superproblem2=0 Iteration2=0
 NAME         THETA1       THETA2       THETA3       THETA4       THETA5       THETA6       THETA7       THETA8       THETA9       THETA10      THETA11      SIGMA(1,1)   SIGMA(2,1)   SIGMA(2,2)   OMEGA(1,1)   OMEGA(2,1)   OMEGA(2,2)
 THETA1        4.40127E-02  1.99027E-02 -2.23458E-02 -6.28872E-01  9.14869E-05  1.23287E-03 -6.99028E-04  1.16201E-03  2.59714E-04 -2.66128E-07  4.69332E-05 -3.64366E-04  0.00000E+00  0.00000E+00  6.02705E-03  0.00000E+00 -4.68705E-03
 THETA2        1.99027E-02  8.59394E-01 -6.42145E-02 -1.93414E+00  7.37058E-02  6.96251E-03 -2.29377E-05  6.65191E-03  5.52783E-04  1.02014E-03 -1.54248E-04  6.19472E-03  0.00000E+00  0.00000E+00 -4.05347E-02  0.00000E+00 -5.71098E-02
 THETA3       -2.23458E-02 -6.42145E-02  1.50145E-01  2.73483E+00 -1.11936E-02 -4.04585E-04  1.97299E-03 -1.51875E-03 -1.16837E-03  9.65982E-04 -6.71155E-04  9.78530E-04  0.00000E+00  0.00000E+00  2.74668E-03  0.00000E+00  3.21388E-03
 THETA4       -6.28872E-01 -1.93414E+00  2.73483E+00  5.28767E+01 -3.33280E-01 -5.39137E-03  3.20977E-02 -2.84501E-02 -2.29644E-02  1.69695E-02 -1.14812E-02  7.60833E-03  0.00000E+00  0.00000E+00  1.63156E-01  0.00000E+00  1.47839E-01
 THETA5        9.14869E-05  7.37058E-02 -1.11936E-02 -3.33280E-01  6.08299E-02 -2.86573E-05 -4.78645E-05  7.78444E-05  1.97511E-04  7.64838E-05 -8.00299E-06  1.42132E-03  0.00000E+00  0.00000E+00 -1.58700E-02  0.00000E+00 -5.47549E-03
 THETA6        1.23287E-03  6.96251E-03 -4.04585E-04 -5.39137E-03 -2.86573E-05  1.12244E-03 -1.04653E-04  8.25590E-04 -2.83981E-06 -9.14435E-06 -4.70853E-06  2.93795E-05  0.00000E+00  0.00000E+00  1.97124E-04  0.00000E+00 -7.57180E-04
 THETA7       -6.99028E-04 -2.29377E-05  1.97299E-03  3.20977E-02 -4.78645E-05 -1.04653E-04  4.22195E-04 -5.12935E-05  1.49957E-05  7.96877E-06 -6.43647E-06  2.41341E-05  0.00000E+00  0.00000E+00 -7.95442E-04  0.00000E+00  7.59858E-05
 THETA8        1.16201E-03  6.65191E-03 -1.51875E-03 -2.84501E-02  7.78444E-05  8.25590E-04 -5.12935E-05  8.02694E-04  1.38480E-05 -1.31968E-05  4.24419E-07  5.55202E-06  0.00000E+00  0.00000E+00 -2.58486E-04  0.00000E+00 -7.57857E-04
 THETA9        2.59714E-04  5.52783E-04 -1.16837E-03 -2.29644E-02  1.97511E-04 -2.83981E-06  1.49957E-05  1.38480E-05  2.23529E-05 -5.60584E-06  5.01589E-06  9.30623E-07  0.00000E+00  0.00000E+00 -3.55157E-04  0.00000E+00 -7.66013E-05
 THETA10      -2.66128E-07  1.02014E-03  9.65982E-04  1.69695E-02  7.64838E-05 -9.14435E-06  7.96877E-06 -1.31968E-05 -5.60584E-06  4.49158E-05 -4.65517E-06 -3.28749E-06  0.00000E+00  0.00000E+00  1.41452E-04  0.00000E+00 -1.01497E-04
 THETA11       4.69332E-05 -1.54248E-04 -6.71155E-04 -1.14812E-02 -8.00299E-06 -4.70853E-06 -6.43647E-06  4.24419E-07  5.01589E-06 -4.65517E-06  8.00445E-06 -1.19121E-05  0.00000E+00  0.00000E+00  4.54970E-05  0.00000E+00 -4.13481E-06
 SIGMA(1,1)   -3.64366E-04  6.19472E-03  9.78530E-04  7.60833E-03  1.42132E-03  2.93795E-05  2.41341E-05  5.55202E-06  9.30623E-07 -3.28749E-06 -1.19121E-05  2.39212E-04  0.00000E+00  0.00000E+00 -1.75892E-03  0.00000E+00 -3.43807E-04
 SIGMA(2,1)    0.00000E+00  0.00000E+00  0.00000E+00  0.00000E+00  0.00000E+00  0.00000E+00  0.00000E+00  0.00000E+00  0.00000E+00  0.00000E+00  0.00000E+00  0.00000E+00  0.00000E+00  0.00000E+00  0.00000E+00  0.00000E+00  0.00000E+00
 SIGMA(2,2)    0.00000E+00  0.00000E+00  0.00000E+00  0.00000E+00  0.00000E+00  0.00000E+00  0.00000E+00  0.00000E+00  0.00000E+00  0.00000E+00  0.00000E+00  0.00000E+00  0.00000E+00  0.00000E+00  0.00000E+00  0.00000E+00  0.00000E+00
 OMEGA(1,1)    6.02705E-03 -4.05347E-02  2.74668E-03  1.63156E-01 -1.58700E-02  1.97124E-04 -7.95442E-04 -2.58486E-04 -3.55157E-04  1.41452E-04  4.54970E-05 -1.75892E-03  0.00000E+00  0.00000E+00  4.10291E-02  0.00000E+00  1.36601E-03
 OMEGA(2,1)    0.00000E+00  0.00000E+00  0.00000E+00  0.00000E+00  0.00000E+00  0.00000E+00  0.00000E+00  0.00000E+00  0.00000E+00  0.00000E+00  0.00000E+00  0.00000E+00  0.00000E+00  0.00000E+00  0.00000E+00  0.00000E+00  0.00000E+00
 OMEGA(2,2)   -4.68705E-03 -5.71098E-02  3.21388E-03  1.47839E-01 -5.47549E-03 -7.57180E-04  7.59858E-05 -7.57857E-04 -7.66013E-05 -1.01497E-04 -4.13481E-06 -3.43807E-04  0.00000E+00  0.00000E+00  1.36601E-03  0.00000E+00  1.18218E-02
