TABLE NO.     1: First Order Conditional Estimation with Interaction: Problem=1 Subproblem=0 Superproblem1=0 Iteration1=0 Superproblem2=0 Iteration2=0
 NAME         THETA1       THETA2       THETA3       THETA4       THETA5       THETA6       SIGMA(1,1)   SIGMA(2,1)   SIGMA(2,2)   OMEGA(1,1)   OMEGA(2,1)   OMEGA(2,2)
 THETA1        3.12116E-02 -4.40319E-02 -4.17329E-02 -6.16951E-03  3.13741E-05  1.68230E-03 -1.26315E-03  0.00000E+00  0.00000E+00  1.68410E-02  0.00000E+00  1.53792E-03
 THETA2       -4.40319E-02  2.12689E-01  1.06557E-01  1.84230E-02 -1.50231E-04  7.96366E-04  3.27238E-03  0.00000E+00  0.00000E+00 -2.14284E-02  0.00000E+00 -6.17434E-03
 THETA3       -4.17329E-02  1.06557E-01  4.45868E-01  8.35809E-02 -1.59920E-04 -6.89696E-03  3.87506E-03  0.00000E+00  0.00000E+00 -3.77614E-02  0.00000E+00  7.64407E-03
 THETA4       -6.16951E-03  1.84230E-02  8.35809E-02  1.73208E-02 -3.14957E-05 -1.05203E-03  5.97978E-04  0.00000E+00  0.00000E+00 -5.63007E-03  0.00000E+00  1.62695E-03
 THETA5        3.13741E-05 -1.50231E-04 -1.59920E-04 -3.14957E-05  5.27806E-06 -1.11514E-05 -2.19412E-06  0.00000E+00  0.00000E+00 -5.48738E-05  0.00000E+00 -4.62414E-05
 THETA6        1.68230E-03  7.96366E-04 -6.89696E-03 -1.05203E-03 -1.11514E-05  5.67656E-03  1.15677E-05  0.00000E+00  0.00000E+00  1.68049E-03  0.00000E+00  6.63233E-04
 SIGMA(1,1)   -1.26315E-03  3.27238E-03  3.87506E-03  5.97978E-04 -2.19412E-06  1.15677E-05  2.14885E-04  0.00000E+00  0.00000E+00 -1.56274E-03  0.00000E+00 -8.17035E-05
 SIGMA(2,1)    0.00000E+00  0.00000E+00  0.00000E+00  0.00000E+00  0.00000E+00  0.00000E+00  0.00000E+00  0.00000E+00  0.00000E+00  0.00000E+00  0.00000E+00  0.00000E+00
 SIGMA(2,2)    0.00000E+00  0.00000E+00  0.00000E+00  0.00000E+00  0.00000E+00  0.00000E+00  0.00000E+00  0.00000E+00  0.00000E+00  0.00000E+00  0.00000E+00  0.00000E+00
 OMEGA(1,1)    1.68410E-02 -2.14284E-02 -3.77614E-02 -5.63007E-03 -5.48738E-05  1.68049E-03 -1.56274E-03  0.00000E+00  0.00000E+00  3.38854E-02  0.00000E+00 -1.66994E-03
 OMEGA(2,1)    0.00000E+00  0.00000E+00  0.00000E+00  0.00000E+00  0.00000E+00  0.00000E+00  0.00000E+00  0.00000E+00  0.00000E+00  0.00000E+00  0.00000E+00  0.00000E+00
 OMEGA(2,2)    1.53792E-03 -6.17434E-03  7.64407E-03  1.62695E-03 -4.62414E-05  6.63233E-04 -8.17035E-05  0.00000E+00  0.00000E+00 -1.66994E-03  0.00000E+00  6.06473E-03
