TABLE NO.     1: First Order Conditional Estimation with Interaction: Problem=1 Subproblem=0 Superproblem1=0 Iteration1=0 Superproblem2=0 Iteration2=0
 NAME         THETA1       THETA2       THETA3       THETA4       THETA5       THETA6       THETA7       SIGMA(1,1)   OMEGA(1,1)   OMEGA(2,1)   OMEGA(2,2)   OMEGA(3,1)   OMEGA(3,2)   OMEGA(3,3)   OMEGA(4,1)   OMEGA(4,2)   OMEGA(4,3)   OMEGA(4,4)
 THETA1        4.21709E-01 -6.38868E-01  2.04136E+00  9.76388E-01  7.54225E+00  3.76313E+01  0.00000E+00  0.00000E+00 -5.05837E+00  0.00000E+00  0.00000E+00  0.00000E+00  0.00000E+00 -2.47734E+00  0.00000E+00  0.00000E+00  0.00000E+00  1.19903E+01
 THETA2       -6.38868E-01  1.57943E+01 -5.44704E+00  1.04388E+01  4.78912E+01  2.50379E+02  0.00000E+00  0.00000E+00  2.87890E+00  0.00000E+00  0.00000E+00  0.00000E+00  0.00000E+00 -1.89238E+00  0.00000E+00  0.00000E+00  0.00000E+00 -1.08427E+02
 THETA3        2.04136E+00 -5.44704E+00  1.20742E+01  1.50746E+00  2.47067E+01  1.10005E+02  0.00000E+00  0.00000E+00 -4.32418E+01  0.00000E+00  0.00000E+00  0.00000E+00  0.00000E+00 -1.24434E+01  0.00000E+00  0.00000E+00  0.00000E+00  6.25947E+01
 THETA4        9.76388E-01  1.04388E+01  1.50746E+00  4.86606E+01  6.51149E+01 -5.35285E+02  0.00000E+00  0.00000E+00 -3.91571E+01  0.00000E+00  0.00000E+00  0.00000E+00  0.00000E+00 -5.49781E+00  0.00000E+00  0.00000E+00  0.00000E+00  7.19009E+01
 THETA5        7.54225E+00  4.78912E+01  2.47067E+01  6.51149E+01  1.33132E+03  1.47143E+03  0.00000E+00  0.00000E+00 -2.15667E+02  0.00000E+00  0.00000E+00  0.00000E+00  0.00000E+00 -1.38116E+02  0.00000E+00  0.00000E+00  0.00000E+00  6.82592E+02
 THETA6        3.76313E+01  2.50379E+02  1.10005E+02 -5.35285E+02  1.47143E+03  2.05706E+05  0.00000E+00  0.00000E+00  2.65175E+03  0.00000E+00  0.00000E+00  0.00000E+00  0.00000E+00 -4.39524E+01  0.00000E+00  0.00000E+00  0.00000E+00  2.53694E+03
 THETA7        0.00000E+00  0.00000E+00  0.00000E+00  0.00000E+00  0.00000E+00  0.00000E+00  0.00000E+00  0.00000E+00  0.00000E+00  0.00000E+00  0.00000E+00  0.00000E+00  0.00000E+00  0.00000E+00  0.00000E+00  0.00000E+00  0.00000E+00  0.00000E+00
 SIGMA(1,1)    0.00000E+00  0.00000E+00  0.00000E+00  0.00000E+00  0.00000E+00  0.00000E+00  0.00000E+00  0.00000E+00  0.00000E+00  0.00000E+00  0.00000E+00  0.00000E+00  0.00000E+00  0.00000E+00  0.00000E+00  0.00000E+00  0.00000E+00  0.00000E+00
 OMEGA(1,1)   -5.05837E+00  2.87890E+00 -4.32418E+01 -3.91571E+01 -2.15667E+02  2.65175E+03  0.00000E+00  0.00000E+00  3.26698E+03  0.00000E+00  0.00000E+00  0.00000E+00  0.00000E+00  5.50083E+02  0.00000E+00  0.00000E+00  0.00000E+00 -1.43850E+03
 OMEGA(2,1)    0.00000E+00  0.00000E+00  0.00000E+00  0.00000E+00  0.00000E+00  0.00000E+00  0.00000E+00  0.00000E+00  0.00000E+00  0.00000E+00  0.00000E+00  0.00000E+00  0.00000E+00  0.00000E+00  0.00000E+00  0.00000E+00  0.00000E+00  0.00000E+00
 OMEGA(2,2)    0.00000E+00  0.00000E+00  0.00000E+00  0.00000E+00  0.00000E+00  0.00000E+00  0.00000E+00  0.00000E+00  0.00000E+00  0.00000E+00  0.00000E+00  0.00000E+00  0.00000E+00  0.00000E+00  0.00000E+00  0.00000E+00  0.00000E+00  0.00000E+00
 OMEGA(3,1)    0.00000E+00  0.00000E+00  0.00000E+00  0.00000E+00  0.00000E+00  0.00000E+00  0.00000E+00  0.00000E+00  0.00000E+00  0.00000E+00  0.00000E+00  0.00000E+00  0.00000E+00  0.00000E+00  0.00000E+00  0.00000E+00  0.00000E+00  0.00000E+00
 OMEGA(3,2)    0.00000E+00  0.00000E+00  0.00000E+00  0.00000E+00  0.00000E+00  0.00000E+00  0.00000E+00  0.00000E+00  0.00000E+00  0.00000E+00  0.00000E+00  0.00000E+00  0.00000E+00  0.00000E+00  0.00000E+00  0.00000E+00  0.00000E+00  0.00000E+00
 OMEGA(3,3)   -2.47734E+00 -1.89238E+00 -1.24434E+01 -5.49781E+00 -1.38116E+02 -4.39524E+01  0.00000E+00  0.00000E+00  5.50083E+02  0.00000E+00  0.00000E+00  0.00000E+00  0.00000E+00  1.86088E+02  0.00000E+00  0.00000E+00  0.00000E+00 -3.36920E+02
 OMEGA(4,1)    0.00000E+00  0.00000E+00  0.00000E+00  0.00000E+00  0.00000E+00  0.00000E+00  0.00000E+00  0.00000E+00  0.00000E+00  0.00000E+00  0.00000E+00  0.00000E+00  0.00000E+00  0.00000E+00  0.00000E+00  0.00000E+00  0.00000E+00  0.00000E+00
 OMEGA(4,2)    0.00000E+00  0.00000E+00  0.00000E+00  0.00000E+00  0.00000E+00  0.00000E+00  0.00000E+00  0.00000E+00  0.00000E+00  0.00000E+00  0.00000E+00  0.00000E+00  0.00000E+00  0.00000E+00  0.00000E+00  0.00000E+00  0.00000E+00  0.00000E+00
 OMEGA(4,3)    0.00000E+00  0.00000E+00  0.00000E+00  0.00000E+00  0.00000E+00  0.00000E+00  0.00000E+00  0.00000E+00  0.00000E+00  0.00000E+00  0.00000E+00  0.00000E+00  0.00000E+00  0.00000E+00  0.00000E+00  0.00000E+00  0.00000E+00  0.00000E+00
 OMEGA(4,4)    1.19903E+01 -1.08427E+02  6.25947E+01  7.19009E+01  6.82592E+02  2.53694E+03  0.00000E+00  0.00000E+00 -1.43850E+03  0.00000E+00  0.00000E+00  0.00000E+00  0.00000E+00 -3.36920E+02  0.00000E+00  0.00000E+00  0.00000E+00  8.69317E+03
