TABLE NO.     1: First Order Conditional Estimation with Interaction: Problem=1 Subproblem=0 Superproblem1=0 Iteration1=0 Superproblem2=0 Iteration2=0
 NAME         THETA1       THETA2       THETA3       THETA4       THETA5       THETA6       THETA7       SIGMA(1,1)   OMEGA(1,1)   OMEGA(2,1)   OMEGA(2,2)   OMEGA(3,1)   OMEGA(3,2)   OMEGA(3,3)   OMEGA(4,1)   OMEGA(4,2)   OMEGA(4,3)   OMEGA(4,4)   OMEGA(5,1)   OMEGA(5,2)   OMEGA(5,3)   OMEGA(5,4)   OMEGA(5,5)
 THETA1        5.93071E-02 -1.89495E-02  1.36791E-01  8.37913E-03  1.00104E-01  3.06641E-02  5.99410E-03  0.00000E+00 -2.09238E-01  0.00000E+00  4.31309E-02  0.00000E+00  0.00000E+00  1.92037E-01  0.00000E+00  0.00000E+00  0.00000E+00  3.43254E-02  0.00000E+00  0.00000E+00  0.00000E+00  0.00000E+00  2.30328E-02
 THETA2       -1.89495E-02  7.32058E-04  9.95054E-02  6.83413E-01 -8.58223E-02 -5.91437E-01  6.80305E-01  0.00000E+00  9.70953E-02  0.00000E+00 -4.67509E-01  0.00000E+00  0.00000E+00  8.58700E-03  0.00000E+00  0.00000E+00  0.00000E+00 -1.27760E-02  0.00000E+00  0.00000E+00  0.00000E+00  0.00000E+00  4.44350E-02
 THETA3        1.36791E-01  9.95054E-02  4.69810E-02  6.73927E-03 -9.40057E-01 -1.32104E-01 -1.06785E-03  0.00000E+00  1.31527E-01  0.00000E+00 -6.39558E-02  0.00000E+00  0.00000E+00 -6.60414E-02  0.00000E+00  0.00000E+00  0.00000E+00 -7.81823E-02  0.00000E+00  0.00000E+00  0.00000E+00  0.00000E+00 -8.60006E-02
 THETA4        8.37913E-03  6.83413E-01  6.73927E-03  1.34722E-01  3.14570E-03  1.83691E-01  9.97494E-01  0.00000E+00  2.75672E-01  0.00000E+00 -4.40830E-01  0.00000E+00  0.00000E+00 -1.82510E-01  0.00000E+00  0.00000E+00  0.00000E+00 -2.97968E-01  0.00000E+00  0.00000E+00  0.00000E+00  0.00000E+00  7.22878E-02
 THETA5        1.00104E-01 -8.58223E-02 -9.40057E-01  3.14570E-03  1.12461E-02  1.22905E-01  1.03714E-02  0.00000E+00 -1.48694E-01  0.00000E+00  8.60675E-02  0.00000E+00  0.00000E+00  1.16342E-01  0.00000E+00  0.00000E+00  0.00000E+00  1.03716E-01  0.00000E+00  0.00000E+00  0.00000E+00  0.00000E+00  6.43357E-02
 THETA6        3.06641E-02 -5.91437E-01 -1.32104E-01  1.83691E-01  1.22905E-01  3.70971E-03  1.87968E-01  0.00000E+00  1.63682E-01  0.00000E+00  1.68150E-01  0.00000E+00  0.00000E+00 -2.06977E-01  0.00000E+00  0.00000E+00  0.00000E+00 -3.00819E-01  0.00000E+00  0.00000E+00  0.00000E+00  0.00000E+00  1.57283E-02
 THETA7        5.99410E-03  6.80305E-01 -1.06785E-03  9.97494E-01  1.03714E-02  1.87968E-01  7.85997E-03  0.00000E+00  2.58739E-01  0.00000E+00 -3.95232E-01  0.00000E+00  0.00000E+00 -1.70592E-01  0.00000E+00  0.00000E+00  0.00000E+00 -2.79205E-01  0.00000E+00  0.00000E+00  0.00000E+00  0.00000E+00  6.36902E-02
 SIGMA(1,1)    0.00000E+00  0.00000E+00  0.00000E+00  0.00000E+00  0.00000E+00  0.00000E+00  0.00000E+00  0.00000E+00  0.00000E+00  0.00000E+00  0.00000E+00  0.00000E+00  0.00000E+00  0.00000E+00  0.00000E+00  0.00000E+00  0.00000E+00  0.00000E+00  0.00000E+00  0.00000E+00  0.00000E+00  0.00000E+00  0.00000E+00
 OMEGA(1,1)   -2.09238E-01  9.70953E-02  1.31527E-01  2.75672E-01 -1.48694E-01  1.63682E-01  2.58739E-01  0.00000E+00  1.76632E-01  0.00000E+00 -3.45958E-01  0.00000E+00  0.00000E+00 -7.28458E-01  0.00000E+00  0.00000E+00  0.00000E+00 -3.30454E-01  0.00000E+00  0.00000E+00  0.00000E+00  0.00000E+00 -5.20107E-02
 OMEGA(2,1)    0.00000E+00  0.00000E+00  0.00000E+00  0.00000E+00  0.00000E+00  0.00000E+00  0.00000E+00  0.00000E+00  0.00000E+00  0.00000E+00  0.00000E+00  0.00000E+00  0.00000E+00  0.00000E+00  0.00000E+00  0.00000E+00  0.00000E+00  0.00000E+00  0.00000E+00  0.00000E+00  0.00000E+00  0.00000E+00  0.00000E+00
 OMEGA(2,2)    4.31309E-02 -4.67509E-01 -6.39558E-02 -4.40830E-01  8.60675E-02  1.68150E-01 -3.95232E-01  0.00000E+00 -3.45958E-01  0.00000E+00  6.37716E+00  0.00000E+00  0.00000E+00  2.10362E-01  0.00000E+00  0.00000E+00  0.00000E+00  1.37138E-01  0.00000E+00  0.00000E+00  0.00000E+00  0.00000E+00 -2.20836E-01
 OMEGA(3,1)    0.00000E+00  0.00000E+00  0.00000E+00  0.00000E+00  0.00000E+00  0.00000E+00  0.00000E+00  0.00000E+00  0.00000E+00  0.00000E+00  0.00000E+00  0.00000E+00  0.00000E+00  0.00000E+00  0.00000E+00  0.00000E+00  0.00000E+00  0.00000E+00  0.00000E+00  0.00000E+00  0.00000E+00  0.00000E+00  0.00000E+00
 OMEGA(3,2)    0.00000E+00  0.00000E+00  0.00000E+00  0.00000E+00  0.00000E+00  0.00000E+00  0.00000E+00  0.00000E+00  0.00000E+00  0.00000E+00  0.00000E+00  0.00000E+00  0.00000E+00  0.00000E+00  0.00000E+00  0.00000E+00  0.00000E+00  0.00000E+00  0.00000E+00  0.00000E+00  0.00000E+00  0.00000E+00  0.00000E+00
 OMEGA(3,3)    1.92037E-01  8.58700E-03 -6.60414E-02 -1.82510E-01  1.16342E-01 -2.06977E-01 -1.70592E-01  0.00000E+00 -7.28458E-01  0.00000E+00  2.10362E-01  0.00000E+00  0.00000E+00  1.39751E+00  0.00000E+00  0.00000E+00  0.00000E+00  3.96542E-01  0.00000E+00  0.00000E+00  0.00000E+00  0.00000E+00 -1.17858E-01
 OMEGA(4,1)    0.00000E+00  0.00000E+00  0.00000E+00  0.00000E+00  0.00000E+00  0.00000E+00  0.00000E+00  0.00000E+00  0.00000E+00  0.00000E+00  0.00000E+00  0.00000E+00  0.00000E+00  0.00000E+00  0.00000E+00  0.00000E+00  0.00000E+00  0.00000E+00  0.00000E+00  0.00000E+00  0.00000E+00  0.00000E+00  0.00000E+00
 OMEGA(4,2)    0.00000E+00  0.00000E+00  0.00000E+00  0.00000E+00  0.00000E+00  0.00000E+00  0.00000E+00  0.00000E+00  0.00000E+00  0.00000E+00  0.00000E+00  0.00000E+00  0.00000E+00  0.00000E+00  0.00000E+00  0.00000E+00  0.00000E+00  0.00000E+00  0.00000E+00  0.00000E+00  0.00000E+00  0.00000E+00  0.00000E+00
 OMEGA(4,3)    0.00000E+00  0.00000E+00  0.00000E+00  0.00000E+00  0.00000E+00  0.00000E+00  0.00000E+00  0.00000E+00  0.00000E+00  0.00000E+00  0.00000E+00  0.00000E+00  0.00000E+00  0.00000E+00  0.00000E+00  0.00000E+00  0.00000E+00  0.00000E+00  0.00000E+00  0.00000E+00  0.00000E+00  0.00000E+00  0.00000E+00
 OMEGA(4,4)    3.43254E-02 -1.27760E-02 -7.81823E-02 -2.97968E-01  1.03716E-01 -3.00819E-01 -2.79205E-01  0.00000E+00 -3.30454E-01  0.00000E+00  1.37138E-01  0.00000E+00  0.00000E+00  3.96542E-01  0.00000E+00  0.00000E+00  0.00000E+00  3.76241E-02  0.00000E+00  0.00000E+00  0.00000E+00  0.00000E+00 -7.31013E-02
 OMEGA(5,1)    0.00000E+00  0.00000E+00  0.00000E+00  0.00000E+00  0.00000E+00  0.00000E+00  0.00000E+00  0.00000E+00  0.00000E+00  0.00000E+00  0.00000E+00  0.00000E+00  0.00000E+00  0.00000E+00  0.00000E+00  0.00000E+00  0.00000E+00  0.00000E+00  0.00000E+00  0.00000E+00  0.00000E+00  0.00000E+00  0.00000E+00
 OMEGA(5,2)    0.00000E+00  0.00000E+00  0.00000E+00  0.00000E+00  0.00000E+00  0.00000E+00  0.00000E+00  0.00000E+00  0.00000E+00  0.00000E+00  0.00000E+00  0.00000E+00  0.00000E+00  0.00000E+00  0.00000E+00  0.00000E+00  0.00000E+00  0.00000E+00  0.00000E+00  0.00000E+00  0.00000E+00  0.00000E+00  0.00000E+00
 OMEGA(5,3)    0.00000E+00  0.00000E+00  0.00000E+00  0.00000E+00  0.00000E+00  0.00000E+00  0.00000E+00  0.00000E+00  0.00000E+00  0.00000E+00  0.00000E+00  0.00000E+00  0.00000E+00  0.00000E+00  0.00000E+00  0.00000E+00  0.00000E+00  0.00000E+00  0.00000E+00  0.00000E+00  0.00000E+00  0.00000E+00  0.00000E+00
 OMEGA(5,4)    0.00000E+00  0.00000E+00  0.00000E+00  0.00000E+00  0.00000E+00  0.00000E+00  0.00000E+00  0.00000E+00  0.00000E+00  0.00000E+00  0.00000E+00  0.00000E+00  0.00000E+00  0.00000E+00  0.00000E+00  0.00000E+00  0.00000E+00  0.00000E+00  0.00000E+00  0.00000E+00  0.00000E+00  0.00000E+00  0.00000E+00
 OMEGA(5,5)    2.30328E-02  4.44350E-02 -8.60006E-02  7.22878E-02  6.43357E-02  1.57283E-02  6.36902E-02  0.00000E+00 -5.20107E-02  0.00000E+00 -2.20836E-01  0.00000E+00  0.00000E+00 -1.17858E-01  0.00000E+00  0.00000E+00  0.00000E+00 -7.31013E-02  0.00000E+00  0.00000E+00  0.00000E+00  0.00000E+00  1.08577E-02
