TABLE NO.     1: First Order Conditional Estimation with Interaction: Problem=1 Subproblem=0 Superproblem1=0 Iteration1=0 Superproblem2=0 Iteration2=0
 NAME         THETA1       THETA2       THETA3       THETA4       THETA5       THETA6       SIGMA(1,1)   SIGMA(2,1)   SIGMA(2,2)   OMEGA(1,1)   OMEGA(2,1)   OMEGA(2,2)
 THETA1        3.25430E+02 -3.40667E+01 -4.52021E+02  4.81277E+01  6.33070E+00 -5.11781E+03 -1.18355E+02  0.00000E+00  0.00000E+00 -2.83350E+01  0.00000E+00 -4.07340E+01
 THETA2       -3.40667E+01  3.56977E+01 -2.86386E+01 -2.96535E+01  5.73099E-01  8.41637E+02 -5.43035E+01  0.00000E+00  0.00000E+00 -2.90501E+00  0.00000E+00  1.22665E+01
 THETA3       -4.52021E+02 -2.86386E+01  9.91774E+03 -1.31672E+02 -1.73430E+01 -5.22126E+04 -2.02060E+03  0.00000E+00  0.00000E+00 -4.72150E+01  0.00000E+00 -7.64147E+01
 THETA4        4.81277E+01 -2.96535E+01 -1.31672E+02  1.38306E+02  9.47987E-01  1.58086E+03  2.01347E+02  0.00000E+00  0.00000E+00  1.79105E+00  0.00000E+00  5.18620E+00
 THETA5        6.33070E+00  5.73099E-01 -1.73430E+01  9.47987E-01  1.86978E+01 -2.65773E+01 -7.53753E+01  0.00000E+00  0.00000E+00  5.02446E-01  0.00000E+00 -5.31681E-01
 THETA6       -5.11781E+03  8.41637E+02 -5.22126E+04  1.58086E+03 -2.65773E+01  1.38045E+06  2.40864E+04  0.00000E+00  0.00000E+00  2.79281E+03  0.00000E+00  4.66262E+03
 SIGMA(1,1)   -1.18355E+02 -5.43035E+01 -2.02060E+03  2.01347E+02 -7.53753E+01  2.40864E+04  9.58726E+03  0.00000E+00  0.00000E+00  3.32054E+02  0.00000E+00  1.90336E+02
 SIGMA(2,1)    0.00000E+00  0.00000E+00  0.00000E+00  0.00000E+00  0.00000E+00  0.00000E+00  0.00000E+00  0.00000E+00  0.00000E+00  0.00000E+00  0.00000E+00  0.00000E+00
 SIGMA(2,2)    0.00000E+00  0.00000E+00  0.00000E+00  0.00000E+00  0.00000E+00  0.00000E+00  0.00000E+00  0.00000E+00  0.00000E+00  0.00000E+00  0.00000E+00  0.00000E+00
 OMEGA(1,1)   -2.83350E+01 -2.90501E+00 -4.72150E+01  1.79105E+00  5.02446E-01  2.79281E+03  3.32054E+02  0.00000E+00  0.00000E+00  6.19145E+01  0.00000E+00  3.74901E+01
 OMEGA(2,1)    0.00000E+00  0.00000E+00  0.00000E+00  0.00000E+00  0.00000E+00  0.00000E+00  0.00000E+00  0.00000E+00  0.00000E+00  0.00000E+00  0.00000E+00  0.00000E+00
 OMEGA(2,2)   -4.07340E+01  1.22665E+01 -7.64147E+01  5.18620E+00 -5.31681E-01  4.66262E+03  1.90336E+02  0.00000E+00  0.00000E+00  3.74901E+01  0.00000E+00  2.08105E+02
