TABLE NO.     1: First Order Conditional Estimation with Interaction: Problem=1 Subproblem=0 Superproblem1=0 Iteration1=0 Superproblem2=0 Iteration2=0
 NAME         THETA1       THETA2       THETA3       THETA4       THETA5       THETA6       THETA7       SIGMA(1,1)   SIGMA(2,1)   SIGMA(2,2)   OMEGA(1,1)
 THETA1        2.98996E-05 -1.92910E-06 -3.78427E-08 -3.51314E-06 -7.60240E-09  2.67762E-04  8.20770E-07  3.66061E-07  0.00000E+00  0.00000E+00  1.18885E-06
 THETA2       -1.92910E-06  1.62327E-06 -1.91452E-08 -2.91436E-06 -5.30032E-12 -5.98917E-05  4.00266E-07 -4.75849E-07  0.00000E+00  0.00000E+00  1.37200E-06
 THETA3       -3.78427E-08 -1.91452E-08  8.03292E-09  4.81453E-07  3.98024E-11  2.49044E-05 -2.28410E-08  3.08096E-08  0.00000E+00  0.00000E+00 -2.90273E-08
 THETA4       -3.51314E-06 -2.91436E-06  4.81453E-07  1.17141E-04  5.91820E-09  1.09299E-03 -1.90370E-06  1.70344E-05  0.00000E+00  0.00000E+00 -9.79160E-06
 THETA5       -7.60240E-09 -5.30032E-12  3.98024E-11  5.91820E-09  2.43248E-12 -7.67382E-09 -7.17853E-10 -1.16764E-10  0.00000E+00  0.00000E+00 -7.59145E-10
 THETA6        2.67762E-04 -5.98917E-05  2.49044E-05  1.09299E-03 -7.67382E-09  1.06162E-01 -4.72082E-05  9.44817E-05  0.00000E+00  0.00000E+00  1.41313E-05
 THETA7        8.20770E-07  4.00266E-07 -2.28410E-08 -1.90370E-06 -7.17853E-10 -4.72082E-05  4.05548E-05  4.28939E-07  0.00000E+00  0.00000E+00 -5.87332E-08
 SIGMA(1,1)    3.66061E-07 -4.75849E-07  3.08096E-08  1.70344E-05 -1.16764E-10  9.44817E-05  4.28939E-07  5.78367E-06  0.00000E+00  0.00000E+00 -2.42215E-06
 SIGMA(2,1)    0.00000E+00  0.00000E+00  0.00000E+00  0.00000E+00  0.00000E+00  0.00000E+00  0.00000E+00  0.00000E+00  0.00000E+00  0.00000E+00  0.00000E+00
 SIGMA(2,2)    0.00000E+00  0.00000E+00  0.00000E+00  0.00000E+00  0.00000E+00  0.00000E+00  0.00000E+00  0.00000E+00  0.00000E+00  0.00000E+00  0.00000E+00
 OMEGA(1,1)    1.18885E-06  1.37200E-06 -2.90273E-08 -9.79160E-06 -7.59145E-10  1.41313E-05 -5.87332E-08 -2.42215E-06  0.00000E+00  0.00000E+00  2.12444E-04
