TABLE NO.     1: First Order Conditional Estimation with Interaction: Problem=1 Subproblem=0 Superproblem1=0 Iteration1=0 Superproblem2=0 Iteration2=0
 NAME         THETA1       THETA2       THETA3       THETA4       THETA5       THETA6       SIGMA(1,1)   SIGMA(2,1)   SIGMA(2,2)   OMEGA(1,1)
 THETA1        1.30027E-05 -1.14804E-05 -7.08864E-08  2.30297E-05 -2.97967E-09 -4.27165E-04  8.60954E-06  0.00000E+00  0.00000E+00 -4.68662E-05
 THETA2       -1.14804E-05  2.59964E-05  5.77388E-07 -6.67010E-05  2.15078E-08  7.94635E-04 -2.26729E-05  0.00000E+00  0.00000E+00 -3.97062E-05
 THETA3       -7.08864E-08  5.77388E-07  4.22695E-08 -1.95219E-06  5.79118E-10  5.02760E-05 -5.98458E-07  0.00000E+00  0.00000E+00 -1.34006E-06
 THETA4        2.30297E-05 -6.67010E-05 -1.95219E-06  5.38794E-04 -1.38467E-07  7.34929E-03  1.50310E-04  0.00000E+00  0.00000E+00 -3.94891E-04
 THETA5       -2.97967E-09  2.15078E-08  5.79118E-10 -1.38467E-07  2.71605E-10 -8.90236E-06 -4.03042E-08  0.00000E+00  0.00000E+00 -4.09536E-08
 THETA6       -4.27165E-04  7.94635E-04  5.02760E-05  7.34929E-03 -8.90236E-06  7.16098E-01  2.26044E-03  0.00000E+00  0.00000E+00 -1.02108E-02
 SIGMA(1,1)    8.60954E-06 -2.26729E-05 -5.98458E-07  1.50310E-04 -4.03042E-08  2.26044E-03  4.71845E-05  0.00000E+00  0.00000E+00 -8.77699E-05
 SIGMA(2,1)    0.00000E+00  0.00000E+00  0.00000E+00  0.00000E+00  0.00000E+00  0.00000E+00  0.00000E+00  0.00000E+00  0.00000E+00  0.00000E+00
 SIGMA(2,2)    0.00000E+00  0.00000E+00  0.00000E+00  0.00000E+00  0.00000E+00  0.00000E+00  0.00000E+00  0.00000E+00  0.00000E+00  0.00000E+00
 OMEGA(1,1)   -4.68662E-05 -3.97062E-05 -1.34006E-06 -3.94891E-04 -4.09536E-08 -1.02108E-02 -8.77699E-05  0.00000E+00  0.00000E+00  3.59154E-03
