TABLE NO.     1: First Order Conditional Estimation with Interaction: Problem=1 Subproblem=0 Superproblem1=0 Iteration1=0 Superproblem2=0 Iteration2=0
 NAME         THETA1       THETA2       THETA3       THETA4       THETA5       THETA6       THETA7       THETA8       SIGMA(1,1)   SIGMA(2,1)   SIGMA(2,2)   OMEGA(1,1)
 THETA1        3.56289E-06 -6.76220E-06 -9.43569E-08  1.45023E-05  3.35721E-09  1.56795E-04 -1.12294E-08 -2.08435E-07  4.24991E-06  0.00000E+00  0.00000E+00 -3.03732E-06
 THETA2       -6.76220E-06  2.13411E-05  4.59321E-07 -3.18314E-05 -1.16399E-08 -6.40895E-04  1.78520E-07 -8.42630E-07 -8.56201E-06  0.00000E+00  0.00000E+00  5.06908E-06
 THETA3       -9.43569E-08  4.59321E-07  8.12130E-08 -1.18412E-06 -9.20753E-10 -5.15667E-05  4.61614E-08 -2.23540E-07 -1.00328E-07  0.00000E+00  0.00000E+00  1.27603E-07
 THETA4        1.45023E-05 -3.18314E-05 -1.18412E-06  7.39437E-05  2.17898E-08  1.10681E-03 -6.29705E-07  3.44371E-06  1.85262E-05  0.00000E+00  0.00000E+00 -1.28216E-05
 THETA5        3.35721E-09 -1.16399E-08 -9.20753E-10  2.17898E-08  5.04899E-11  2.58046E-06 -6.61715E-10  2.15191E-09  4.01813E-09  0.00000E+00  0.00000E+00 -4.72941E-09
 THETA6        1.56795E-04 -6.40895E-04 -5.15667E-05  1.10681E-03  2.58046E-06  1.36158E-01 -4.27278E-05  1.25949E-04  1.91201E-04  0.00000E+00  0.00000E+00 -2.13840E-04
 THETA7       -1.12294E-08  1.78520E-07  4.61614E-08 -6.29705E-07 -6.61715E-10 -4.27278E-05  1.82593E-05  4.90505E-07 -3.33351E-07  0.00000E+00  0.00000E+00  9.29584E-07
 THETA8       -2.08435E-07 -8.42630E-07 -2.23540E-07  3.44371E-06  2.15191E-09  1.25949E-04  4.90505E-07  1.74280E-06  1.03058E-07  0.00000E+00  0.00000E+00 -8.10795E-08
 SIGMA(1,1)    4.24991E-06 -8.56201E-06 -1.00328E-07  1.85262E-05  4.01813E-09  1.91201E-04 -3.33351E-07  1.03058E-07  5.51188E-06  0.00000E+00  0.00000E+00 -3.60205E-06
 SIGMA(2,1)    0.00000E+00  0.00000E+00  0.00000E+00  0.00000E+00  0.00000E+00  0.00000E+00  0.00000E+00  0.00000E+00  0.00000E+00  0.00000E+00  0.00000E+00  0.00000E+00
 SIGMA(2,2)    0.00000E+00  0.00000E+00  0.00000E+00  0.00000E+00  0.00000E+00  0.00000E+00  0.00000E+00  0.00000E+00  0.00000E+00  0.00000E+00  0.00000E+00  0.00000E+00
 OMEGA(1,1)   -3.03732E-06  5.06908E-06  1.27603E-07 -1.28216E-05 -4.72941E-09 -2.13840E-04  9.29584E-07 -8.10795E-08 -3.60205E-06  0.00000E+00  0.00000E+00  1.53734E-04
