TABLE NO.     1: First Order Conditional Estimation with Interaction: Problem=1 Subproblem=0 Superproblem1=0 Iteration1=0 Superproblem2=0 Iteration2=0
 NAME         THETA1       THETA2       THETA3       THETA4       THETA5       THETA6       THETA7       SIGMA(1,1)   SIGMA(2,1)   SIGMA(2,2)   OMEGA(1,1)
 THETA1        5.46806E-03 -2.76902E-01 -7.72169E-02 -5.93618E-02 -8.91442E-01  1.50290E-01  2.35704E-02  2.78367E-02  0.00000E+00  0.00000E+00  1.49166E-02
 THETA2       -2.76902E-01  1.27408E-03 -1.67659E-01 -2.11345E-01 -2.66736E-03 -1.44273E-01  4.93324E-02 -1.55300E-01  0.00000E+00  0.00000E+00  7.38816E-02
 THETA3       -7.72169E-02 -1.67659E-01  8.96265E-05  4.96321E-01  2.84739E-01  8.52813E-01 -4.00181E-02  1.42938E-01  0.00000E+00  0.00000E+00 -2.22202E-02
 THETA4       -5.93618E-02 -2.11345E-01  4.96321E-01  1.08232E-02  3.50598E-01  3.09939E-01 -2.76200E-02  6.54439E-01  0.00000E+00  0.00000E+00 -6.20693E-02
 THETA5       -8.91442E-01 -2.66736E-03  2.84739E-01  3.50598E-01  1.55964E-06 -1.51009E-02 -7.22753E-02 -3.11302E-02  0.00000E+00  0.00000E+00 -3.33948E-02
 THETA6        1.50290E-01 -1.44273E-01  8.52813E-01  3.09939E-01 -1.51009E-02  3.25826E-01 -2.27516E-02  1.20576E-01  0.00000E+00  0.00000E+00  2.97559E-03
 THETA7        2.35704E-02  4.93324E-02 -4.00181E-02 -2.76200E-02 -7.22753E-02 -2.27516E-02  6.36826E-03  2.80074E-02  0.00000E+00  0.00000E+00 -6.32762E-04
 SIGMA(1,1)    2.78367E-02 -1.55300E-01  1.42938E-01  6.54439E-01 -3.11302E-02  1.20576E-01  2.80074E-02  2.40493E-03  0.00000E+00  0.00000E+00 -6.91000E-02
 SIGMA(2,1)    0.00000E+00  0.00000E+00  0.00000E+00  0.00000E+00  0.00000E+00  0.00000E+00  0.00000E+00  0.00000E+00  0.00000E+00  0.00000E+00  0.00000E+00
 SIGMA(2,2)    0.00000E+00  0.00000E+00  0.00000E+00  0.00000E+00  0.00000E+00  0.00000E+00  0.00000E+00  0.00000E+00  0.00000E+00  0.00000E+00  0.00000E+00
 OMEGA(1,1)    1.49166E-02  7.38816E-02 -2.22202E-02 -6.20693E-02 -3.33948E-02  2.97559E-03 -6.32762E-04 -6.91000E-02  0.00000E+00  0.00000E+00  1.45754E-02
