TABLE NO.     1: First Order Conditional Estimation with Interaction: Problem=1 Subproblem=0 Superproblem1=0 Iteration1=0 Superproblem2=0 Iteration2=0
 NAME         THETA1       THETA2       THETA3       THETA4       THETA5       THETA6       SIGMA(1,1)   SIGMA(2,1)   SIGMA(2,2)   OMEGA(1,1)   OMEGA(2,1)   OMEGA(2,2)
 THETA1        2.08115E-03 -1.60650E-03 -6.11514E-06  1.60048E-04 -1.14027E-03  3.04606E-06 -7.94810E-05  0.00000E+00  0.00000E+00  9.76904E-04  0.00000E+00 -5.21254E-05
 THETA2       -1.60650E-03  2.80908E-02  3.42055E-04 -4.82769E-04  1.30636E-03 -4.50214E-05  1.95098E-04  0.00000E+00  0.00000E+00  3.63082E-03  0.00000E+00 -1.00507E-03
 THETA3       -6.11514E-06  3.42055E-04  3.52805E-04  1.51747E-03  2.54667E-04 -7.59282E-06  9.17070E-06  0.00000E+00  0.00000E+00 -3.29227E-04  0.00000E+00  2.16338E-05
 THETA4        1.60048E-04 -4.82769E-04  1.51747E-03  1.58017E-02  2.24075E-05 -1.44377E-05 -8.70956E-05  0.00000E+00  0.00000E+00 -1.89640E-04  0.00000E+00 -8.71953E-04
 THETA5       -1.14027E-03  1.30636E-03  2.54667E-04  2.24075E-05  5.94176E-02 -7.20910E-06  6.37248E-04  0.00000E+00  0.00000E+00 -4.83897E-03  0.00000E+00  5.02752E-04
 THETA6        3.04606E-06 -4.50214E-05 -7.59282E-06 -1.44377E-05 -7.20910E-06  9.97653E-07 -4.72190E-07  0.00000E+00  0.00000E+00 -1.63120E-05  0.00000E+00 -1.88188E-05
 SIGMA(1,1)   -7.94810E-05  1.95098E-04  9.17070E-06 -8.70956E-05  6.37248E-04 -4.72190E-07  1.37620E-04  0.00000E+00  0.00000E+00 -7.52807E-04  0.00000E+00  8.66889E-06
 SIGMA(2,1)    0.00000E+00  0.00000E+00  0.00000E+00  0.00000E+00  0.00000E+00  0.00000E+00  0.00000E+00  0.00000E+00  0.00000E+00  0.00000E+00  0.00000E+00  0.00000E+00
 SIGMA(2,2)    0.00000E+00  0.00000E+00  0.00000E+00  0.00000E+00  0.00000E+00  0.00000E+00  0.00000E+00  0.00000E+00  0.00000E+00  0.00000E+00  0.00000E+00  0.00000E+00
 OMEGA(1,1)    9.76904E-04  3.63082E-03 -3.29227E-04 -1.89640E-04 -4.83897E-03 -1.63120E-05 -7.52807E-04  0.00000E+00  0.00000E+00  2.58756E-02  0.00000E+00 -3.22730E-03
 OMEGA(2,1)    0.00000E+00  0.00000E+00  0.00000E+00  0.00000E+00  0.00000E+00  0.00000E+00  0.00000E+00  0.00000E+00  0.00000E+00  0.00000E+00  0.00000E+00  0.00000E+00
 OMEGA(2,2)   -5.21254E-05 -1.00507E-03  2.16338E-05 -8.71953E-04  5.02752E-04 -1.88188E-05  8.66889E-06  0.00000E+00  0.00000E+00 -3.22730E-03  0.00000E+00  5.68752E-03
