TABLE NO.     1: First Order Conditional Estimation with Interaction: Problem=1 Subproblem=0 Superproblem1=0 Iteration1=0 Superproblem2=0 Iteration2=0
 NAME         THETA1       THETA2       THETA3       THETA4       THETA5       THETA6       THETA7       THETA8       SIGMA(1,1)   SIGMA(2,1)   SIGMA(2,2)   OMEGA(1,1)
 THETA1        1.88756E-03 -7.75494E-01 -1.75412E-01  8.93482E-01  2.50308E-01  2.25117E-01 -1.39224E-03 -8.36462E-02  9.59021E-01  0.00000E+00  0.00000E+00 -1.29779E-01
 THETA2       -7.75494E-01  4.61964E-03  3.48896E-01 -8.01303E-01 -3.54600E-01 -3.75973E-01  9.04350E-03 -1.38167E-01 -7.89437E-01  0.00000E+00  0.00000E+00  8.84983E-02
 THETA3       -1.75412E-01  3.48896E-01  2.84979E-04 -4.83205E-01 -4.54703E-01 -4.90382E-01  3.79074E-02 -5.94180E-01 -1.49954E-01  0.00000E+00  0.00000E+00  3.61129E-02
 THETA4        8.93482E-01 -8.01303E-01 -4.83205E-01  8.59905E-03  3.56615E-01  3.48819E-01 -1.71374E-02  3.03356E-01  9.17670E-01  0.00000E+00  0.00000E+00 -1.20256E-01
 THETA5        2.50308E-01 -3.54600E-01 -4.54703E-01  3.56615E-01  7.10563E-06  9.84176E-01 -2.17935E-02  2.29403E-01  2.40864E-01  0.00000E+00  0.00000E+00 -5.36808E-02
 THETA6        2.25117E-01 -3.75973E-01 -4.90382E-01  3.48819E-01  9.84176E-01  3.68996E-01 -2.70986E-02  2.58552E-01  2.20708E-01  0.00000E+00  0.00000E+00 -4.67393E-02
 THETA7       -1.39224E-03  9.04350E-03  3.79074E-02 -1.71374E-02 -2.17935E-02 -2.70986E-02  4.27309E-03  8.69519E-02 -3.32284E-02  0.00000E+00  0.00000E+00  1.75453E-02
 THETA8       -8.36462E-02 -1.38167E-01 -5.94180E-01  3.03356E-01  2.29403E-01  2.58552E-01  8.69519E-02  1.32015E-03  3.32514E-02  0.00000E+00  0.00000E+00 -4.95338E-03
 SIGMA(1,1)    9.59021E-01 -7.89437E-01 -1.49954E-01  9.17670E-01  2.40864E-01  2.20708E-01 -3.32284E-02  3.32514E-02  2.34774E-03  0.00000E+00  0.00000E+00 -1.23741E-01
 SIGMA(2,1)    0.00000E+00  0.00000E+00  0.00000E+00  0.00000E+00  0.00000E+00  0.00000E+00  0.00000E+00  0.00000E+00  0.00000E+00  0.00000E+00  0.00000E+00  0.00000E+00
 SIGMA(2,2)    0.00000E+00  0.00000E+00  0.00000E+00  0.00000E+00  0.00000E+00  0.00000E+00  0.00000E+00  0.00000E+00  0.00000E+00  0.00000E+00  0.00000E+00  0.00000E+00
 OMEGA(1,1)   -1.29779E-01  8.84983E-02  3.61129E-02 -1.20256E-01 -5.36808E-02 -4.67393E-02  1.75453E-02 -4.95338E-03 -1.23741E-01  0.00000E+00  0.00000E+00  1.23990E-02
