TABLE NO.     1: First Order Conditional Estimation with Interaction: Problem=1 Subproblem=0 Superproblem1=0 Iteration1=0 Superproblem2=0 Iteration2=0
 NAME         THETA1       THETA2       THETA3       THETA4       THETA5       THETA6       THETA7       THETA8       SIGMA(1,1)   SIGMA(2,1)   SIGMA(2,2)   OMEGA(1,1)
 THETA1        1.42438E-03 -4.49082E-01  1.07426E-01  1.43414E-01  8.74186E-01  6.92186E-01  7.13981E-02  5.48023E-03  5.06704E-01  0.00000E+00  0.00000E+00 -2.02732E-02
 THETA2       -4.49082E-01  3.67581E-03  2.85900E-01 -6.16775E-01 -3.98177E-01 -5.80487E-01 -5.22996E-02  2.15124E-02 -7.14893E-01  0.00000E+00  0.00000E+00  2.96662E-02
 THETA3        1.07426E-01  2.85900E-01  2.21864E-04 -3.01700E-01  3.30799E-01  1.65978E-01 -1.53676E-02  9.97260E-03 -2.21468E-01  0.00000E+00  0.00000E+00  6.14789E-02
 THETA4        1.43414E-01 -6.16775E-01 -3.01700E-01  1.16777E-02  1.36867E-01  6.03558E-01  3.63542E-02 -4.02198E-02  9.12578E-01  0.00000E+00  0.00000E+00 -6.33754E-03
 THETA5        8.74186E-01 -3.98177E-01  3.30799E-01  1.36867E-01  1.99294E-05  7.67111E-01  6.57936E-02  5.23464E-03  5.00985E-01  0.00000E+00  0.00000E+00 -8.63968E-03
 THETA6        6.92186E-01 -5.80487E-01  1.65978E-01  6.03558E-01  7.67111E-01  7.49974E-02  4.63994E-02 -1.71084E-02  8.11032E-01  0.00000E+00  0.00000E+00 -3.90485E-02
 THETA7        7.13981E-02 -5.22996E-02 -1.53676E-02  3.63542E-02  6.57936E-02  4.63994E-02  4.09551E-03 -1.62113E-03  4.48962E-02  0.00000E+00  0.00000E+00  1.78048E-02
 THETA8        5.48023E-03  2.15124E-02  9.97260E-03 -4.02198E-02  5.23464E-03 -1.71084E-02 -1.62113E-03  6.84173E-02 -3.13603E-02  0.00000E+00  0.00000E+00 -4.62972E-03
 SIGMA(1,1)    5.06704E-01 -7.14893E-01 -2.21468E-01  9.12578E-01  5.00985E-01  8.11032E-01  4.48962E-02 -3.13603E-02  4.23863E-03  0.00000E+00  0.00000E+00 -1.54004E-02
 SIGMA(2,1)    0.00000E+00  0.00000E+00  0.00000E+00  0.00000E+00  0.00000E+00  0.00000E+00  0.00000E+00  0.00000E+00  0.00000E+00  0.00000E+00  0.00000E+00  0.00000E+00
 SIGMA(2,2)    0.00000E+00  0.00000E+00  0.00000E+00  0.00000E+00  0.00000E+00  0.00000E+00  0.00000E+00  0.00000E+00  0.00000E+00  0.00000E+00  0.00000E+00  0.00000E+00
 OMEGA(1,1)   -2.02732E-02  2.96662E-02  6.14789E-02 -6.33754E-03 -8.63968E-03 -3.90485E-02  1.78048E-02 -4.62972E-03 -1.54004E-02  0.00000E+00  0.00000E+00  1.25760E-02
