TABLE NO.     1: First Order Conditional Estimation with Interaction: Problem=1 Subproblem=0 Superproblem1=0 Iteration1=0 Superproblem2=0 Iteration2=0
 NAME         THETA1       THETA2       THETA3       THETA4       THETA5       THETA6       SIGMA(1,1)   SIGMA(2,1)   SIGMA(2,2)   OMEGA(1,1)   OMEGA(2,1)   OMEGA(2,2)
 THETA1        5.23653E+02  3.06772E+01 -8.75797E+01  2.89622E+00  6.65933E+00 -1.22557E+03  1.09980E+02  0.00000E+00  0.00000E+00 -2.23020E+01  0.00000E+00 -6.46890E+00
 THETA2        3.06772E+01  4.23785E+01 -3.63172E+01  6.09896E+00  9.86671E-02  1.67592E+03 -7.09006E+01  0.00000E+00  0.00000E+00 -7.21337E+00  0.00000E+00  1.03947E+01
 THETA3       -8.75797E+01 -3.63172E+01  6.29867E+03 -5.59285E+02 -1.44560E+01  4.21983E+04  1.06579E+02  0.00000E+00  0.00000E+00  1.23128E+02  0.00000E+00  9.36845E+01
 THETA4        2.89622E+00  6.09896E+00 -5.59285E+02  1.16053E+02  8.16882E-01 -2.15873E+03  6.30701E+01  0.00000E+00  0.00000E+00 -5.26624E+00  0.00000E+00  1.07244E+01
 THETA5        6.65933E+00  9.86671E-02 -1.44560E+01  8.16882E-01  1.78677E+01 -2.85123E+01 -7.43150E+01  0.00000E+00  0.00000E+00  5.98140E-01  0.00000E+00 -9.62402E-01
 THETA6       -1.22557E+03  1.67592E+03  4.21983E+04 -2.15873E+03 -2.85123E+01  1.53236E+06  1.07502E+04  0.00000E+00  0.00000E+00  2.37888E+03  0.00000E+00  6.19971E+03
 SIGMA(1,1)    1.09980E+02 -7.09006E+01  1.06579E+02  6.30701E+01 -7.43150E+01  1.07502E+04  9.47645E+03  0.00000E+00  0.00000E+00  3.00646E+02  0.00000E+00  1.96035E+02
 SIGMA(2,1)    0.00000E+00  0.00000E+00  0.00000E+00  0.00000E+00  0.00000E+00  0.00000E+00  0.00000E+00  0.00000E+00  0.00000E+00  0.00000E+00  0.00000E+00  0.00000E+00
 SIGMA(2,2)    0.00000E+00  0.00000E+00  0.00000E+00  0.00000E+00  0.00000E+00  0.00000E+00  0.00000E+00  0.00000E+00  0.00000E+00  0.00000E+00  0.00000E+00  0.00000E+00
 OMEGA(1,1)   -2.23020E+01 -7.21337E+00  1.23128E+02 -5.26624E+00  5.98140E-01  2.37888E+03  3.00646E+02  0.00000E+00  0.00000E+00  5.69950E+01  0.00000E+00  3.69462E+01
 OMEGA(2,1)    0.00000E+00  0.00000E+00  0.00000E+00  0.00000E+00  0.00000E+00  0.00000E+00  0.00000E+00  0.00000E+00  0.00000E+00  0.00000E+00  0.00000E+00  0.00000E+00
 OMEGA(2,2)   -6.46890E+00  1.03947E+01  9.36845E+01  1.07244E+01 -9.62402E-01  6.19971E+03  1.96035E+02  0.00000E+00  0.00000E+00  3.69462E+01  0.00000E+00  2.20153E+02
