TABLE NO.     1: First Order Conditional Estimation with Interaction: Problem=1 Subproblem=0 Superproblem1=0 Iteration1=0 Superproblem2=0 Iteration2=0
 NAME         THETA1       THETA2       THETA3       THETA4       THETA5       THETA6       THETA7       SIGMA(1,1)   SIGMA(2,1)   SIGMA(2,2)   OMEGA(1,1)
 THETA1        4.46699E+06  4.38730E+06 -1.38837E+06 -1.20745E+06  1.71467E+10  1.71910E+03  7.25249E+04  3.95335E+06  0.00000E+00  0.00000E+00 -2.92166E+03
 THETA2        4.38730E+06  4.96706E+06 -3.85754E+05 -1.17238E+06  1.67906E+10  1.67865E+03  6.49420E+04  3.89002E+06  0.00000E+00  0.00000E+00 -6.46031E+03
 THETA3       -1.38837E+06 -3.85754E+05  7.91581E+08 -1.25064E+06 -1.46999E+10 -1.72471E+05 -6.37334E+04  2.06638E+06  0.00000E+00  0.00000E+00  4.32617E+04
 THETA4       -1.20745E+06 -1.17238E+06 -1.25064E+06  3.52696E+05 -4.67498E+09 -2.85617E+02 -1.91635E+04 -1.14014E+06  0.00000E+00  0.00000E+00  7.22329E+02
 THETA5        1.71467E+10  1.67906E+10 -1.46999E+10 -4.67498E+09  6.64967E+13  9.11260E+06  2.85220E+08  1.53117E+10  0.00000E+00  0.00000E+00 -1.02041E+07
 THETA6        1.71910E+03  1.67865E+03 -1.72471E+05 -2.85617E+02  9.11260E+06  4.90767E+01  4.42111E+01  1.16212E+03  0.00000E+00  0.00000E+00 -1.46306E+01
 THETA7        7.25249E+04  6.49420E+04 -6.37334E+04 -1.91635E+04  2.85220E+08  4.42111E+01  2.60725E+04  6.06350E+04  0.00000E+00  0.00000E+00 -2.42800E+00
 SIGMA(1,1)    3.95335E+06  3.89002E+06  2.06638E+06 -1.14014E+06  1.53117E+10  1.16212E+03  6.06350E+04  3.87509E+06  0.00000E+00  0.00000E+00 -6.77369E+02
 SIGMA(2,1)    0.00000E+00  0.00000E+00  0.00000E+00  0.00000E+00  0.00000E+00  0.00000E+00  0.00000E+00  0.00000E+00  0.00000E+00  0.00000E+00  0.00000E+00
 SIGMA(2,2)    0.00000E+00  0.00000E+00  0.00000E+00  0.00000E+00  0.00000E+00  0.00000E+00  0.00000E+00  0.00000E+00  0.00000E+00  0.00000E+00  0.00000E+00
 OMEGA(1,1)   -2.92166E+03 -6.46031E+03  4.32617E+04  7.22329E+02 -1.02041E+07 -1.46306E+01 -2.42800E+00 -6.77369E+02  0.00000E+00  0.00000E+00  4.76119E+03
