TABLE NO.     1: First Order Conditional Estimation with Interaction: Problem=1 Subproblem=0 Superproblem1=0 Iteration1=0 Superproblem2=0 Iteration2=0
 NAME         THETA1       THETA2       THETA3       THETA4       THETA5       THETA6       THETA7       THETA8       SIGMA(1,1)   SIGMA(2,1)   SIGMA(2,2)   OMEGA(1,1)
 THETA1        2.02886E-06 -2.35129E-06  3.39485E-08  2.38547E-06  2.48156E-08  7.39427E-05  4.16505E-07  5.34061E-07  3.05919E-06  0.00000E+00  0.00000E+00 -3.63154E-07
 THETA2       -2.35129E-06  1.35116E-05  2.33160E-07 -2.64749E-05 -2.91691E-08 -1.60026E-04 -7.87334E-07  5.41013E-06 -1.11383E-05  0.00000E+00  0.00000E+00  1.37138E-06
 THETA3        3.39485E-08  2.33160E-07  4.92237E-08 -7.81661E-07  1.46267E-09  2.76174E-06 -1.39637E-08  1.51378E-07 -2.08269E-07  0.00000E+00  0.00000E+00  1.71536E-07
 THETA4        2.38547E-06 -2.64749E-05 -7.81661E-07  1.36368E-04  3.18529E-08  5.28592E-04  1.73867E-06 -3.21337E-05  4.51701E-05  0.00000E+00  0.00000E+00 -9.30719E-07
 THETA5        2.48156E-08 -2.91691E-08  1.46267E-09  3.18529E-08  3.97181E-10  1.14657E-06  5.37014E-09  7.13752E-09  4.23199E-08  0.00000E+00  0.00000E+00 -2.16538E-09
 THETA6        7.39427E-05 -1.60026E-04  2.76174E-06  5.28592E-04  1.14657E-06  5.62461E-03  1.42517E-05 -8.77852E-05  2.57816E-04  0.00000E+00  0.00000E+00 -3.68292E-05
 THETA7        4.16505E-07 -7.87334E-07 -1.39637E-08  1.73867E-06  5.37014E-09  1.42517E-05  1.67732E-05 -4.54247E-07  7.79369E-07  0.00000E+00  0.00000E+00  9.17034E-07
 THETA8        5.34061E-07  5.41013E-06  1.51378E-07 -3.21337E-05  7.13752E-09 -8.77852E-05 -4.54247E-07  4.68093E-03 -9.09435E-06  0.00000E+00  0.00000E+00 -3.98348E-06
 SIGMA(1,1)    3.05919E-06 -1.11383E-05 -2.08269E-07  4.51701E-05  4.23199E-08  2.57816E-04  7.79369E-07 -9.09435E-06  1.79660E-05  0.00000E+00  0.00000E+00 -8.20921E-07
 SIGMA(2,1)    0.00000E+00  0.00000E+00  0.00000E+00  0.00000E+00  0.00000E+00  0.00000E+00  0.00000E+00  0.00000E+00  0.00000E+00  0.00000E+00  0.00000E+00  0.00000E+00
 SIGMA(2,2)    0.00000E+00  0.00000E+00  0.00000E+00  0.00000E+00  0.00000E+00  0.00000E+00  0.00000E+00  0.00000E+00  0.00000E+00  0.00000E+00  0.00000E+00  0.00000E+00
 OMEGA(1,1)   -3.63154E-07  1.37138E-06  1.71536E-07 -9.30719E-07 -2.16538E-09 -3.68292E-05  9.17034E-07 -3.98348E-06 -8.20921E-07  0.00000E+00  0.00000E+00  1.58155E-04
