TABLE NO.     1: First Order Conditional Estimation with Interaction: Problem=1 Subproblem=0 Superproblem1=0 Iteration1=0 Superproblem2=0 Iteration2=0
 NAME         THETA1       THETA2       THETA3       THETA4       THETA5       THETA6       SIGMA(1,1)   SIGMA(2,1)   SIGMA(2,2)   OMEGA(1,1)
 THETA1        3.60593E-03 -6.24428E-01 -9.56163E-02  2.75144E-01 -5.01397E-02 -1.39988E-01  3.47586E-01  0.00000E+00  0.00000E+00 -2.16871E-01
 THETA2       -6.24428E-01  5.09867E-03  5.50805E-01 -5.63591E-01  2.55959E-01  1.84172E-01 -6.47367E-01  0.00000E+00  0.00000E+00 -1.29945E-01
 THETA3       -9.56163E-02  5.50805E-01  2.05595E-04 -4.09071E-01  1.70917E-01  2.88975E-01 -4.23760E-01  0.00000E+00  0.00000E+00 -1.08761E-01
 THETA4        2.75144E-01 -5.63591E-01 -4.09071E-01  2.32119E-02 -3.61964E-01  3.74152E-01  9.42709E-01  0.00000E+00  0.00000E+00 -2.83874E-01
 THETA5       -5.01397E-02  2.55959E-01  1.70917E-01 -3.61964E-01  1.64804E-05 -6.38337E-01 -3.56026E-01  0.00000E+00  0.00000E+00 -4.14651E-02
 THETA6       -1.39988E-01  1.84172E-01  2.88975E-01  3.74152E-01 -6.38337E-01  8.46226E-01  3.88872E-01  0.00000E+00  0.00000E+00 -2.01342E-01
 SIGMA(1,1)    3.47586E-01 -6.47367E-01 -4.23760E-01  9.42709E-01 -3.56026E-01  3.88872E-01  6.86910E-03  0.00000E+00  0.00000E+00 -2.13209E-01
 SIGMA(2,1)    0.00000E+00  0.00000E+00  0.00000E+00  0.00000E+00  0.00000E+00  0.00000E+00  0.00000E+00  0.00000E+00  0.00000E+00  0.00000E+00
 SIGMA(2,2)    0.00000E+00  0.00000E+00  0.00000E+00  0.00000E+00  0.00000E+00  0.00000E+00  0.00000E+00  0.00000E+00  0.00000E+00  0.00000E+00
 OMEGA(1,1)   -2.16871E-01 -1.29945E-01 -1.08761E-01 -2.83874E-01 -4.14651E-02 -2.01342E-01 -2.13209E-01  0.00000E+00  0.00000E+00  5.99295E-02
