TABLE NO.     1: First Order Conditional Estimation with Interaction: Problem=1 Subproblem=0 Superproblem1=0 Iteration1=0 Superproblem2=0 Iteration2=0
 NAME         THETA1       THETA2       THETA3       THETA4       THETA5       THETA6       THETA7       THETA8       SIGMA(1,1)   SIGMA(2,1)   SIGMA(2,2)   OMEGA(1,1)
 THETA1        3.79194E+06  7.26215E+04 -7.84208E+05  8.82592E+05  1.35830E+07 -5.72639E+03 -5.33111E+04  3.94662E+01 -2.77630E+06  0.00000E+00  0.00000E+00 -1.12629E+03
 THETA2        7.26215E+04  1.64866E+05 -6.59356E+05  1.91604E+04  5.59415E+06  4.73054E+02  5.65279E+02 -1.84935E+01  1.40217E+04  0.00000E+00  0.00000E+00 -1.79131E+02
 THETA3       -7.84208E+05 -6.59356E+05  5.63543E+07 -2.91566E+06 -9.13881E+08 -8.22818E+04  1.90319E+05  2.72845E+02  1.10317E+07  0.00000E+00  0.00000E+00 -4.98725E+04
 THETA4        8.82592E+05  1.91604E+04 -2.91566E+06  6.05496E+05  1.22085E+08 -1.59236E+03 -3.29663E+04  1.05087E+02 -1.95779E+06  0.00000E+00  0.00000E+00 -8.15443E+01
 THETA5        1.35830E+07  5.59415E+06 -9.13881E+08  1.22085E+08  4.25841E+10 -1.81518E+06 -7.43827E+06  1.47588E+03 -3.90329E+08  0.00000E+00  0.00000E+00 -1.30198E+05
 THETA6       -5.72639E+03  4.73054E+02 -8.22818E+04 -1.59236E+03 -1.81518E+06  1.26768E+03  1.95336E+02 -1.49919E-03 -9.59327E+03  0.00000E+00  0.00000E+00  2.82043E+02
 THETA7       -5.33111E+04  5.65279E+02  1.90319E+05 -3.29663E+04 -7.43827E+06  1.95336E+02  6.18316E+04  6.24924E-01  1.06537E+05  0.00000E+00  0.00000E+00 -3.89604E+02
 THETA8        3.94662E+01 -1.84935E+01  2.72845E+02  1.05087E+02  1.47588E+03 -1.49919E-03  6.24924E-01  2.14026E+02 -1.74142E+02  0.00000E+00  0.00000E+00  5.07651E+00
 SIGMA(1,1)   -2.77630E+06  1.40217E+04  1.10317E+07 -1.95779E+06 -3.90329E+08 -9.59327E+03  1.06537E+05 -1.74142E+02  6.63947E+06  0.00000E+00  0.00000E+00 -3.72015E+03
 SIGMA(2,1)    0.00000E+00  0.00000E+00  0.00000E+00  0.00000E+00  0.00000E+00  0.00000E+00  0.00000E+00  0.00000E+00  0.00000E+00  0.00000E+00  0.00000E+00  0.00000E+00
 SIGMA(2,2)    0.00000E+00  0.00000E+00  0.00000E+00  0.00000E+00  0.00000E+00  0.00000E+00  0.00000E+00  0.00000E+00  0.00000E+00  0.00000E+00  0.00000E+00  0.00000E+00
 OMEGA(1,1)   -1.12629E+03 -1.79131E+02 -4.98725E+04 -8.15443E+01 -1.30198E+05  2.82043E+02 -3.89604E+02  5.07651E+00 -3.72015E+03  0.00000E+00  0.00000E+00  6.42245E+03
