TABLE NO.     1: First Order Conditional Estimation with Interaction: Problem=1 Subproblem=0 Superproblem1=0 Iteration1=0 Superproblem2=0 Iteration2=0
 NAME         THETA1       THETA2       THETA3       THETA4       THETA5       THETA6       SIGMA(1,1)   SIGMA(2,1)   SIGMA(2,2)   OMEGA(1,1)   OMEGA(2,1)   OMEGA(2,2)
 THETA1        4.56196E-02 -2.10111E-01 -7.13653E-03  2.79090E-02 -1.02541E-01  6.68492E-02 -1.48515E-01  0.00000E+00  0.00000E+00  1.33124E-01  0.00000E+00 -1.51508E-02
 THETA2       -2.10111E-01  1.67603E-01  1.08654E-01 -2.29142E-02  3.19761E-02 -2.68935E-01  9.92270E-02  0.00000E+00  0.00000E+00  1.34672E-01  0.00000E+00 -7.95159E-02
 THETA3       -7.13653E-03  1.08654E-01  1.87831E-02  6.42689E-01  5.56220E-02 -4.04712E-01  4.16192E-02  0.00000E+00  0.00000E+00 -1.08964E-01  0.00000E+00  1.52723E-02
 THETA4        2.79090E-02 -2.29142E-02  6.42689E-01  1.25705E-01  7.31281E-04 -1.14989E-01 -5.90612E-02  0.00000E+00  0.00000E+00 -9.37850E-03  0.00000E+00 -9.19770E-02
 THETA5       -1.02541E-01  3.19761E-02  5.56220E-02  7.31281E-04  2.43757E-01 -2.96097E-02  2.22849E-01  0.00000E+00  0.00000E+00 -1.23410E-01  0.00000E+00  2.73486E-02
 THETA6        6.68492E-02 -2.68935E-01 -4.04712E-01 -1.14989E-01 -2.96097E-02  9.98826E-04 -4.02982E-02  0.00000E+00  0.00000E+00 -1.01525E-01  0.00000E+00 -2.49827E-01
 SIGMA(1,1)   -1.48515E-01  9.92270E-02  4.16192E-02 -5.90612E-02  2.22849E-01 -4.02982E-02  1.17312E-02  0.00000E+00  0.00000E+00 -3.98931E-01  0.00000E+00  9.79853E-03
 SIGMA(2,1)    0.00000E+00  0.00000E+00  0.00000E+00  0.00000E+00  0.00000E+00  0.00000E+00  0.00000E+00  0.00000E+00  0.00000E+00  0.00000E+00  0.00000E+00  0.00000E+00
 SIGMA(2,2)    0.00000E+00  0.00000E+00  0.00000E+00  0.00000E+00  0.00000E+00  0.00000E+00  0.00000E+00  0.00000E+00  0.00000E+00  0.00000E+00  0.00000E+00  0.00000E+00
 OMEGA(1,1)    1.33124E-01  1.34672E-01 -1.08964E-01 -9.37850E-03 -1.23410E-01 -1.01525E-01 -3.98931E-01  0.00000E+00  0.00000E+00  1.60859E-01  0.00000E+00 -2.66031E-01
 OMEGA(2,1)    0.00000E+00  0.00000E+00  0.00000E+00  0.00000E+00  0.00000E+00  0.00000E+00  0.00000E+00  0.00000E+00  0.00000E+00  0.00000E+00  0.00000E+00  0.00000E+00
 OMEGA(2,2)   -1.51508E-02 -7.95159E-02  1.52723E-02 -9.19770E-02  2.73486E-02 -2.49827E-01  9.79853E-03  0.00000E+00  0.00000E+00 -2.66031E-01  0.00000E+00  7.54157E-02
