TABLE NO.     1: First Order Conditional Estimation with Interaction: Problem=1 Subproblem=0 Superproblem1=0 Iteration1=0 Superproblem2=0 Iteration2=0
 NAME         THETA1       THETA2       THETA3       THETA4       THETA5       THETA6       SIGMA(1,1)   SIGMA(2,1)   SIGMA(2,2)   OMEGA(1,1)
 THETA1        1.93944E+05  1.33518E+05 -1.02552E+06  9.47918E+03 -1.52336E+06  1.25284E+01 -7.98447E+03  0.00000E+00  0.00000E+00  4.48961E+03
 THETA2        1.33518E+05  3.26282E+05  6.29002E+05 -1.38315E+04 -4.33289E+07 -1.34962E+03  2.21684E+05  0.00000E+00  0.00000E+00  5.14982E+03
 THETA3       -1.02552E+06  6.29002E+05  6.77079E+07 -1.32098E+05 -5.57190E+08 -1.85309E+04  2.17795E+06  0.00000E+00  0.00000E+00 -1.50201E+03
 THETA4        9.47918E+03 -1.38315E+04 -1.32098E+05  2.05566E+04  5.21542E+06  1.35414E+02 -7.61448E+04  0.00000E+00  0.00000E+00  7.65329E+02
 THETA5       -1.52336E+06 -4.33289E+07 -5.57190E+08  5.21542E+06  1.65441E+10  3.92586E+05 -4.89451E+07  0.00000E+00  0.00000E+00 -2.46981E+04
 THETA6        1.25284E+01 -1.34962E+03 -1.85309E+04  1.35414E+02  3.92586E+05  1.26625E+01 -1.59847E+03  0.00000E+00  0.00000E+00 -5.36939E+00
 SIGMA(1,1)   -7.98447E+03  2.21684E+05  2.17795E+06 -7.61448E+04 -4.89451E+07 -1.59847E+03  4.34704E+05  0.00000E+00  0.00000E+00  3.07790E+02
 SIGMA(2,1)    0.00000E+00  0.00000E+00  0.00000E+00  0.00000E+00  0.00000E+00  0.00000E+00  0.00000E+00  0.00000E+00  0.00000E+00  0.00000E+00
 SIGMA(2,2)    0.00000E+00  0.00000E+00  0.00000E+00  0.00000E+00  0.00000E+00  0.00000E+00  0.00000E+00  0.00000E+00  0.00000E+00  0.00000E+00
 OMEGA(1,1)    4.48961E+03  5.14982E+03 -1.50201E+03  7.65329E+02 -2.46981E+04 -5.36939E+00  3.07790E+02  0.00000E+00  0.00000E+00  4.69513E+02
