TABLE NO.     1: First Order Conditional Estimation with Interaction: Problem=1 Subproblem=0 Superproblem1=0 Iteration1=0 Superproblem2=0 Iteration2=0
 NAME         THETA1       THETA2       THETA3       THETA4       THETA5       THETA6       SIGMA(1,1)   SIGMA(2,1)   SIGMA(2,2)   OMEGA(1,1)   OMEGA(2,1)   OMEGA(2,2)
 THETA1        6.81231E-02  2.60231E-01  4.22323E-01 -1.35902E-01 -6.39354E-02  3.53339E-01  7.45576E-02  0.00000E+00  0.00000E+00  1.00700E-01  0.00000E+00  1.78410E-03
 THETA2        2.60231E-01  1.99179E-01  1.32259E-01  3.92132E-01 -5.27729E-02 -4.70618E-02  2.18227E-02  0.00000E+00  0.00000E+00  1.68429E-01  0.00000E+00 -1.63377E-01
 THETA3        4.22323E-01  1.32259E-01  1.27122E-02 -2.05938E-02  5.02658E-02  5.14939E-01  1.97702E-01  0.00000E+00  0.00000E+00 -7.74512E-02  0.00000E+00 -5.19548E-02
 THETA4       -1.35902E-01  3.92132E-01 -2.05938E-02  9.83411E-02 -5.62812E-02 -1.69603E-01 -1.63499E-01  0.00000E+00  0.00000E+00  1.25153E-01  0.00000E+00 -8.52926E-02
 THETA5       -6.39354E-02 -5.27729E-02  5.02658E-02 -5.62812E-02  2.38265E-01  1.23461E-02  2.16980E-01  0.00000E+00  0.00000E+00 -1.24399E-01  0.00000E+00  2.01626E-02
 THETA6        3.53339E-01 -4.70618E-02  5.14939E-01 -1.69603E-01  1.23461E-02  1.10713E-03  3.83914E-02  0.00000E+00  0.00000E+00 -1.87756E-01  0.00000E+00 -1.55991E-01
 SIGMA(1,1)    7.45576E-02  2.18227E-02  1.97702E-01 -1.63499E-01  2.16980E-01  3.83914E-02  1.20574E-02  0.00000E+00  0.00000E+00 -4.05302E-01  0.00000E+00  2.06280E-02
 SIGMA(2,1)    0.00000E+00  0.00000E+00  0.00000E+00  0.00000E+00  0.00000E+00  0.00000E+00  0.00000E+00  0.00000E+00  0.00000E+00  0.00000E+00  0.00000E+00  0.00000E+00
 SIGMA(2,2)    0.00000E+00  0.00000E+00  0.00000E+00  0.00000E+00  0.00000E+00  0.00000E+00  0.00000E+00  0.00000E+00  0.00000E+00  0.00000E+00  0.00000E+00  0.00000E+00
 OMEGA(1,1)    1.00700E-01  1.68429E-01 -7.74512E-02  1.25153E-01 -1.24399E-01 -1.87756E-01 -4.05302E-01  0.00000E+00  0.00000E+00  1.55545E-01  0.00000E+00 -2.66271E-01
 OMEGA(2,1)    0.00000E+00  0.00000E+00  0.00000E+00  0.00000E+00  0.00000E+00  0.00000E+00  0.00000E+00  0.00000E+00  0.00000E+00  0.00000E+00  0.00000E+00  0.00000E+00
 OMEGA(2,2)    1.78410E-03 -1.63377E-01 -5.19548E-02 -8.52926E-02  2.01626E-02 -1.55991E-01  2.06280E-02  0.00000E+00  0.00000E+00 -2.66271E-01  0.00000E+00  7.61371E-02
