TABLE NO.     1: First Order Conditional Estimation with Interaction: Problem=1 Subproblem=0 Superproblem1=0 Iteration1=0 Superproblem2=0 Iteration2=0
 NAME         THETA1       THETA2       THETA3       THETA4       THETA5       THETA6       THETA7       SIGMA(1,1)   SIGMA(2,1)   SIGMA(2,2)   OMEGA(1,1)
 THETA1        3.90961E+05 -8.09624E+02 -1.86392E+03  2.28149E+00 -6.92923E+03 -4.41580E+04 -3.49132E+04 -9.98671E+04  0.00000E+00  0.00000E+00 -5.54495E+02
 THETA2       -8.09624E+02  1.03022E+01  1.52859E+01 -4.29538E-03  2.65072E+01 -1.55950E+02  2.83141E+02  1.44611E+02  0.00000E+00  0.00000E+00  3.34208E+00
 THETA3       -1.86392E+03  1.52859E+01  1.27577E+03 -1.27069E-01  4.77514E+03 -9.75889E+02  2.59537E+03  2.39581E+02  0.00000E+00  0.00000E+00  4.02642E+00
 THETA4        2.28149E+00 -4.29538E-03 -1.27069E-01  5.25631E-05 -3.15419E-01 -2.77985E-01 -3.36198E-01 -5.71338E-01  0.00000E+00  0.00000E+00 -5.64987E-03
 THETA5       -6.92923E+03  2.65072E+01  4.77514E+03 -3.15419E-01  3.45567E+04  7.73309E+02  2.89890E+03  7.54927E+02  0.00000E+00  0.00000E+00  7.65598E+01
 THETA6       -4.41580E+04 -1.55950E+02 -9.75889E+02 -2.77985E-01  7.73309E+02  2.00593E+05  2.03312E+02  1.26836E+04  0.00000E+00  0.00000E+00  6.43408E+01
 THETA7       -3.49132E+04  2.83141E+02  2.59537E+03 -3.36198E-01  2.89890E+03  2.03312E+02  5.17868E+05  8.07937E+03  0.00000E+00  0.00000E+00  2.26880E+03
 SIGMA(1,1)   -9.98671E+04  1.44611E+02  2.39581E+02 -5.71338E-01  7.54927E+02  1.26836E+04  8.07937E+03  2.63235E+04  0.00000E+00  0.00000E+00  1.47057E+02
 SIGMA(2,1)    0.00000E+00  0.00000E+00  0.00000E+00  0.00000E+00  0.00000E+00  0.00000E+00  0.00000E+00  0.00000E+00  0.00000E+00  0.00000E+00  0.00000E+00
 SIGMA(2,2)    0.00000E+00  0.00000E+00  0.00000E+00  0.00000E+00  0.00000E+00  0.00000E+00  0.00000E+00  0.00000E+00  0.00000E+00  0.00000E+00  0.00000E+00
 OMEGA(1,1)   -5.54495E+02  3.34208E+00  4.02642E+00 -5.64987E-03  7.65598E+01  6.43408E+01  2.26880E+03  1.47057E+02  0.00000E+00  0.00000E+00  5.30167E+01
