TABLE NO.     1: First Order Conditional Estimation with Interaction: Problem=1 Subproblem=0 Superproblem1=0 Iteration1=0 Superproblem2=0 Iteration2=0
 NAME         THETA1       THETA2       THETA3       THETA4       THETA5       THETA6       THETA7       SIGMA(1,1)   SIGMA(2,1)   SIGMA(2,2)   OMEGA(1,1)
 THETA1        1.51816E-02  7.83465E-01 -2.14268E-02 -1.24789E-01  1.81809E-01  7.35912E-02  2.13649E-02  9.90296E-01  0.00000E+00  0.00000E+00 -1.65071E-01
 THETA2        7.83465E-01  5.38569E-01 -9.05081E-02 -1.13218E-01  1.85915E-01  1.52142E-01 -1.01980E-02  7.53634E-01  0.00000E+00  0.00000E+00 -1.84599E-01
 THETA3       -2.14268E-02 -9.05081E-02  4.91270E-02  5.36981E-01 -7.17796E-01  1.01585E-01 -1.65462E-01  1.56754E-02  0.00000E+00  0.00000E+00  1.52528E-01
 THETA4       -1.24789E-01 -1.13218E-01  5.36981E-01  1.95556E+02 -2.62757E-01  5.23529E-02 -8.09858E-02 -5.26839E-02  0.00000E+00  0.00000E+00  1.22637E-01
 THETA5        1.81809E-01  1.85915E-01 -7.17796E-01 -2.62757E-01  8.23863E-03 -6.60165E-02  1.27373E-01  1.63571E-01  0.00000E+00  0.00000E+00 -1.62104E-01
 THETA6        7.35912E-02  1.52142E-01  1.01585E-01  5.23529E-02 -6.60165E-02  2.31869E-03 -1.44819E-02  5.20877E-02  0.00000E+00  0.00000E+00 -1.15053E-02
 THETA7        2.13649E-02 -1.01980E-02 -1.65462E-01 -8.09858E-02  1.27373E-01 -1.44819E-02  1.56718E-03  1.58689E-02  0.00000E+00  0.00000E+00 -4.32735E-01
 SIGMA(1,1)    9.90296E-01  7.53634E-01  1.56754E-02 -5.26839E-02  1.63571E-01  5.20877E-02  1.58689E-02  5.53051E-02  0.00000E+00  0.00000E+00 -1.65112E-01
 SIGMA(2,1)    0.00000E+00  0.00000E+00  0.00000E+00  0.00000E+00  0.00000E+00  0.00000E+00  0.00000E+00  0.00000E+00  0.00000E+00  0.00000E+00  0.00000E+00
 SIGMA(2,2)    0.00000E+00  0.00000E+00  0.00000E+00  0.00000E+00  0.00000E+00  0.00000E+00  0.00000E+00  0.00000E+00  0.00000E+00  0.00000E+00  0.00000E+00
 OMEGA(1,1)   -1.65071E-01 -1.84599E-01  1.52528E-01  1.22637E-01 -1.62104E-01 -1.15053E-02 -4.32735E-01 -1.65112E-01  0.00000E+00  0.00000E+00  1.57849E-01
