TABLE NO.     1: First Order Conditional Estimation with Interaction: Problem=1 Subproblem=0 Superproblem1=0 Iteration1=0 Superproblem2=0 Iteration2=0
 NAME         THETA1       THETA2       THETA3       THETA4       THETA5       THETA6       THETA7       SIGMA(1,1)   SIGMA(2,1)   SIGMA(2,2)   OMEGA(1,1)
 THETA1        2.30481E-04  6.40587E-03 -1.59806E-05 -3.70481E-01  2.27398E-05  2.59051E-06  5.08318E-07  8.31471E-04  0.00000E+00  0.00000E+00 -3.95576E-04
 THETA2        6.40587E-03  2.90056E-01 -2.39469E-03 -1.19242E+01  8.24916E-04  1.89991E-04 -8.60746E-06  2.24474E-02  0.00000E+00  0.00000E+00 -1.56933E-02
 THETA3       -1.59806E-05 -2.39469E-03  2.41346E-03  5.15882E+00 -2.90520E-04  1.15716E-05 -1.27390E-05  4.25896E-05  0.00000E+00  0.00000E+00  1.18280E-03
 THETA4       -3.70481E-01 -1.19242E+01  5.15882E+00  3.82422E+04 -4.23331E-01  2.37386E-02 -2.48198E-02 -5.69790E-01  0.00000E+00  0.00000E+00  3.78559E+00
 THETA5        2.27398E-05  8.24916E-04 -2.90520E-04 -4.23331E-01  6.78750E-05 -1.26110E-06  1.64456E-06  7.45293E-05  0.00000E+00  0.00000E+00 -2.10810E-04
 THETA6        2.59051E-06  1.89991E-04  1.15716E-05  2.37386E-02 -1.26110E-06  5.37632E-06 -5.26242E-08  6.67949E-06  0.00000E+00  0.00000E+00 -4.21097E-06
 THETA7        5.08318E-07 -8.60746E-06 -1.27390E-05 -2.48198E-02  1.64456E-06 -5.26242E-08  2.45605E-06  1.37540E-06  0.00000E+00  0.00000E+00 -1.07049E-04
 SIGMA(1,1)    8.31471E-04  2.24474E-02  4.25896E-05 -5.69790E-01  7.45293E-05  6.67949E-06  1.37540E-06  3.05866E-03  0.00000E+00  0.00000E+00 -1.44140E-03
 SIGMA(2,1)    0.00000E+00  0.00000E+00  0.00000E+00  0.00000E+00  0.00000E+00  0.00000E+00  0.00000E+00  0.00000E+00  0.00000E+00  0.00000E+00  0.00000E+00
 SIGMA(2,2)    0.00000E+00  0.00000E+00  0.00000E+00  0.00000E+00  0.00000E+00  0.00000E+00  0.00000E+00  0.00000E+00  0.00000E+00  0.00000E+00  0.00000E+00
 OMEGA(1,1)   -3.95576E-04 -1.56933E-02  1.18280E-03  3.78559E+00 -2.10810E-04 -4.21097E-06 -1.07049E-04 -1.44140E-03  0.00000E+00  0.00000E+00  2.49163E-02
