TABLE NO.     1: First Order Conditional Estimation with Interaction: Problem=1 Subproblem=0 Superproblem1=0 Iteration1=0 Superproblem2=0 Iteration2=0
 NAME         THETA1       THETA2       THETA3       THETA4       THETA5       THETA6       THETA7       SIGMA(1,1)   SIGMA(2,1)   SIGMA(2,2)   OMEGA(1,1)   OMEGA(2,1)   OMEGA(2,2)
 THETA1        5.09131E-02 -1.09069E-02  2.92852E-04 -2.37229E-01 -1.16335E-02  4.39067E-05 -1.76411E-05 -5.17470E-04  0.00000E+00  0.00000E+00  9.53170E-03  0.00000E+00 -3.58832E-04
 THETA2       -1.09069E-02  2.84785E-01 -1.29016E-03 -2.44434E-01  1.03402E-02 -1.68436E-04  4.92181E-05  2.99005E-03  0.00000E+00  0.00000E+00 -1.08816E-02  0.00000E+00 -1.22313E-02
 THETA3        2.92852E-04 -1.29016E-03  1.06763E-03  1.69478E-02  2.11103E-04  8.43493E-06 -2.71121E-05  2.46140E-05  0.00000E+00  0.00000E+00 -9.74196E-04  0.00000E+00 -7.88034E-04
 THETA4       -2.37229E-01 -2.44434E-01  1.69478E-02  4.09170E+00  2.06351E-02 -1.75616E-04  2.85532E-05 -8.91049E-03  0.00000E+00  0.00000E+00  1.39192E-01  0.00000E+00  4.56882E-02
 THETA5       -1.16335E-02  1.03402E-02  2.11103E-04  2.06351E-02  3.81395E-02 -8.31014E-06 -4.76520E-06  6.27599E-04  0.00000E+00  0.00000E+00 -6.44885E-03  0.00000E+00 -4.86663E-04
 THETA6        4.39067E-05 -1.68436E-04  8.43493E-06 -1.75616E-04 -8.31014E-06  2.44724E-06 -6.03581E-08 -9.69376E-07  0.00000E+00  0.00000E+00 -6.86143E-05  0.00000E+00 -3.90107E-05
 THETA7       -1.76411E-05  4.92181E-05 -2.71121E-05  2.85532E-05 -4.76520E-06 -6.03581E-08  1.45522E-06 -2.49980E-06  0.00000E+00  0.00000E+00  4.57391E-05  0.00000E+00  4.37844E-05
 SIGMA(1,1)   -5.17470E-04  2.99005E-03  2.46140E-05 -8.91049E-03  6.27599E-04 -9.69376E-07 -2.49980E-06  2.07784E-04  0.00000E+00  0.00000E+00 -1.53469E-03  0.00000E+00 -3.62476E-04
 SIGMA(2,1)    0.00000E+00  0.00000E+00  0.00000E+00  0.00000E+00  0.00000E+00  0.00000E+00  0.00000E+00  0.00000E+00  0.00000E+00  0.00000E+00  0.00000E+00  0.00000E+00  0.00000E+00
 SIGMA(2,2)    0.00000E+00  0.00000E+00  0.00000E+00  0.00000E+00  0.00000E+00  0.00000E+00  0.00000E+00  0.00000E+00  0.00000E+00  0.00000E+00  0.00000E+00  0.00000E+00  0.00000E+00
 OMEGA(1,1)    9.53170E-03 -1.08816E-02 -9.74196E-04  1.39192E-01 -6.44885E-03 -6.86143E-05  4.57391E-05 -1.53469E-03  0.00000E+00  0.00000E+00  3.70209E-02  0.00000E+00  4.63360E-03
 OMEGA(2,1)    0.00000E+00  0.00000E+00  0.00000E+00  0.00000E+00  0.00000E+00  0.00000E+00  0.00000E+00  0.00000E+00  0.00000E+00  0.00000E+00  0.00000E+00  0.00000E+00  0.00000E+00
 OMEGA(2,2)   -3.58832E-04 -1.22313E-02 -7.88034E-04  4.56882E-02 -4.86663E-04 -3.90107E-05  4.37844E-05 -3.62476E-04  0.00000E+00  0.00000E+00  4.63360E-03  0.00000E+00  1.64235E-02
