TABLE NO.     1: First Order Conditional Estimation with Interaction: Problem=1 Subproblem=0 Superproblem1=0 Iteration1=0 Superproblem2=0 Iteration2=0
 NAME         THETA1       THETA2       THETA3       THETA4       THETA5       THETA6       THETA7       THETA8       SIGMA(1,1)   SIGMA(2,1)   SIGMA(2,2)   OMEGA(1,1)   OMEGA(2,1)   OMEGA(2,2)
 THETA1        4.30290E-02 -1.34111E-02  5.26552E-03 -3.85492E-02 -3.12075E-02 -5.02453E-03 -6.87313E-06  2.04601E-05 -1.08402E-03  0.00000E+00  0.00000E+00  1.33129E-02  0.00000E+00  3.30347E-03
 THETA2       -1.34111E-02  3.35077E-01  6.33202E-03 -3.09464E-01  1.31758E-01  2.06905E-02 -1.48756E-04  6.37283E-05  4.22833E-03  0.00000E+00  0.00000E+00 -3.03236E-02  0.00000E+00 -1.44666E-02
 THETA3        5.26552E-03  6.33202E-03  7.76959E-03  6.98400E-02  2.50423E-03 -3.13853E-04 -2.52817E-05 -3.00099E-05  2.84727E-04  0.00000E+00  0.00000E+00 -6.13124E-03  0.00000E+00 -2.01278E-03
 THETA4       -3.85492E-02 -3.09464E-01  6.98400E-02  2.94200E+00 -1.04585E-01 -1.60883E-02 -3.50620E-04 -7.91546E-04 -6.13628E-04  0.00000E+00  0.00000E+00  4.93437E-02  0.00000E+00 -2.96451E-02
 THETA5       -3.12075E-02  1.31758E-01  2.50423E-03 -1.04585E-01  4.38838E-01  7.99352E-02 -6.64106E-05 -4.88258E-06  4.13875E-03  0.00000E+00  0.00000E+00 -3.32634E-02  0.00000E+00 -5.53495E-03
 THETA6       -5.02453E-03  2.06905E-02 -3.13853E-04 -1.60883E-02  7.99352E-02  1.63961E-02 -9.81686E-06  4.83448E-07  5.97785E-04  0.00000E+00  0.00000E+00 -3.91054E-03  0.00000E+00 -7.17895E-04
 THETA7       -6.87313E-06 -1.48756E-04 -2.52817E-05 -3.50620E-04 -6.64106E-05 -9.81686E-06  2.52536E-06  3.15879E-08 -2.37994E-06  0.00000E+00  0.00000E+00 -4.53505E-05  0.00000E+00 -2.74577E-05
 THETA8        2.04601E-05  6.37283E-05 -3.00099E-05 -7.91546E-04 -4.88258E-06  4.83448E-07  3.15879E-08  1.29475E-06 -1.75991E-06  0.00000E+00  0.00000E+00  1.43168E-05  0.00000E+00  3.47475E-05
 SIGMA(1,1)   -1.08402E-03  4.22833E-03  2.84727E-04 -6.13628E-04  4.13875E-03  5.97785E-04 -2.37994E-06 -1.75991E-06  2.34260E-04  0.00000E+00  0.00000E+00 -1.73215E-03  0.00000E+00 -3.72676E-04
 SIGMA(2,1)    0.00000E+00  0.00000E+00  0.00000E+00  0.00000E+00  0.00000E+00  0.00000E+00  0.00000E+00  0.00000E+00  0.00000E+00  0.00000E+00  0.00000E+00  0.00000E+00  0.00000E+00  0.00000E+00
 SIGMA(2,2)    0.00000E+00  0.00000E+00  0.00000E+00  0.00000E+00  0.00000E+00  0.00000E+00  0.00000E+00  0.00000E+00  0.00000E+00  0.00000E+00  0.00000E+00  0.00000E+00  0.00000E+00  0.00000E+00
 OMEGA(1,1)    1.33129E-02 -3.03236E-02 -6.13124E-03  4.93437E-02 -3.32634E-02 -3.91054E-03 -4.53505E-05  1.43168E-05 -1.73215E-03  0.00000E+00  0.00000E+00  4.12311E-02  0.00000E+00  3.43536E-03
 OMEGA(2,1)    0.00000E+00  0.00000E+00  0.00000E+00  0.00000E+00  0.00000E+00  0.00000E+00  0.00000E+00  0.00000E+00  0.00000E+00  0.00000E+00  0.00000E+00  0.00000E+00  0.00000E+00  0.00000E+00
 OMEGA(2,2)    3.30347E-03 -1.44666E-02 -2.01278E-03 -2.96451E-02 -5.53495E-03 -7.17895E-04 -2.74577E-05  3.47475E-05 -3.72676E-04  0.00000E+00  0.00000E+00  3.43536E-03  0.00000E+00  1.61887E-02
