TABLE NO.     1: First Order Conditional Estimation with Interaction: Problem=1 Subproblem=0 Superproblem1=0 Iteration1=0 Superproblem2=0 Iteration2=0
 NAME         THETA1       THETA2       THETA3       THETA4       THETA5       THETA6       THETA7       THETA8       SIGMA(1,1)   SIGMA(2,1)   SIGMA(2,2)   OMEGA(1,1)   OMEGA(2,1)   OMEGA(2,2)
 THETA1        5.52956E+01  3.42862E+00 -1.14451E+02  4.15361E+00  5.86496E+00 -2.39666E+01 -7.96059E+02 -5.23164E+02  2.96826E+01  0.00000E+00  0.00000E+00 -3.37884E+01  0.00000E+00 -6.27494E+00
 THETA2        3.42862E+00  5.47740E+00 -1.59467E+01  1.04009E+00 -2.35309E-01 -1.91562E+00  1.97194E+02 -2.24606E+02 -7.75005E+01  0.00000E+00  0.00000E+00 -4.35282E+00  0.00000E+00  3.90776E+00
 THETA3       -1.14451E+02 -1.59467E+01  4.82307E+02 -1.54068E+01 -2.16016E+01  1.08444E+02  3.77264E+03  2.60337E+03  1.98607E+02  0.00000E+00  0.00000E+00  1.18286E+02  0.00000E+00  1.85628E+01
 THETA4        4.15361E+00  1.04009E+00 -1.54068E+01  9.91662E-01  7.91989E-01 -3.77778E+00 -3.07587E+01  1.59142E+02 -1.44374E+01  0.00000E+00  0.00000E+00 -4.49511E+00  0.00000E+00  3.13287E-01
 THETA5        5.86496E+00 -2.35309E-01 -2.16016E+01  7.91989E-01  2.56197E+01 -1.19150E+02 -1.28247E+01 -4.84678E+01 -9.75309E+01  0.00000E+00  0.00000E+00 -8.57701E-01  0.00000E+00 -1.14781E+00
 THETA6       -2.39666E+01 -1.91562E+00  1.08444E+02 -3.77778E+00 -1.19150E+02  6.24374E+02  7.83984E+01  3.20286E+02  3.28138E+02  0.00000E+00  0.00000E+00  3.58652E+00  0.00000E+00  2.93286E+00
 THETA7       -7.96059E+02  1.97194E+02  3.77264E+03 -3.07587E+01 -1.28247E+01  7.83984E+01  4.93808E+05  1.44276E+04  8.61063E+03  0.00000E+00  0.00000E+00  1.78210E+03  0.00000E+00  1.37712E+03
 THETA8       -5.23164E+02 -2.24606E+02  2.60337E+03  1.59142E+02 -4.84678E+01  3.20286E+02  1.44276E+04  9.94462E+05  5.88387E+03  0.00000E+00  0.00000E+00  2.34883E+02  0.00000E+00 -1.50565E+03
 SIGMA(1,1)    2.96826E+01 -7.75005E+01  1.98607E+02 -1.44374E+01 -9.75309E+01  3.28138E+02  8.61063E+03  5.88387E+03  8.91325E+03  0.00000E+00  0.00000E+00  3.10768E+02  0.00000E+00  4.53651E+01
 SIGMA(2,1)    0.00000E+00  0.00000E+00  0.00000E+00  0.00000E+00  0.00000E+00  0.00000E+00  0.00000E+00  0.00000E+00  0.00000E+00  0.00000E+00  0.00000E+00  0.00000E+00  0.00000E+00  0.00000E+00
 SIGMA(2,2)    0.00000E+00  0.00000E+00  0.00000E+00  0.00000E+00  0.00000E+00  0.00000E+00  0.00000E+00  0.00000E+00  0.00000E+00  0.00000E+00  0.00000E+00  0.00000E+00  0.00000E+00  0.00000E+00
 OMEGA(1,1)   -3.37884E+01 -4.35282E+00  1.18286E+02 -4.49511E+00 -8.57701E-01  3.58652E+00  1.78210E+03  2.34883E+02  3.10768E+02  0.00000E+00  0.00000E+00  6.91516E+01  0.00000E+00  4.34427E+00
 OMEGA(2,1)    0.00000E+00  0.00000E+00  0.00000E+00  0.00000E+00  0.00000E+00  0.00000E+00  0.00000E+00  0.00000E+00  0.00000E+00  0.00000E+00  0.00000E+00  0.00000E+00  0.00000E+00  0.00000E+00
 OMEGA(2,2)   -6.27494E+00  3.90776E+00  1.85628E+01  3.13287E-01 -1.14781E+00  2.93286E+00  1.37712E+03 -1.50565E+03  4.53651E+01  0.00000E+00  0.00000E+00  4.34427E+00  0.00000E+00  7.48531E+01
