TABLE NO.     1: First Order Conditional Estimation with Interaction: Problem=1 Subproblem=0 Superproblem1=0 Iteration1=0 Superproblem2=0 Iteration2=0
 NAME         THETA1       THETA2       THETA3       THETA4       THETA5       THETA6       THETA7       THETA8       SIGMA(1,1)   SIGMA(2,1)   SIGMA(2,2)   OMEGA(1,1)   OMEGA(2,1)   OMEGA(2,2)
 THETA1        2.07434E-01 -1.11689E-01  2.87979E-01 -1.08346E-01 -2.27105E-01 -1.89166E-01 -2.08503E-02  8.66829E-02 -3.41435E-01  0.00000E+00  0.00000E+00  3.16067E-01  0.00000E+00  1.25165E-01
 THETA2       -1.11689E-01  5.78858E-01  1.24100E-01 -3.11685E-01  3.43600E-01  2.79144E-01 -1.61711E-01  9.67537E-02  4.77252E-01  0.00000E+00  0.00000E+00 -2.57986E-01  0.00000E+00 -1.96421E-01
 THETA3        2.87979E-01  1.24100E-01  8.81453E-02  4.61938E-01  4.28867E-02 -2.78071E-02 -1.80487E-01 -2.99208E-01  2.11048E-01  0.00000E+00  0.00000E+00 -3.42560E-01  0.00000E+00 -1.79470E-01
 THETA4       -1.08346E-01 -3.11685E-01  4.61938E-01  1.71523E+00 -9.20441E-02 -7.32519E-02 -1.28633E-01 -4.05567E-01 -2.33741E-02  0.00000E+00  0.00000E+00  1.41676E-01  0.00000E+00 -1.35839E-01
 THETA5       -2.27105E-01  3.43600E-01  4.28867E-02 -9.20441E-02  6.62449E-01  9.42356E-01 -6.30847E-02 -6.47746E-03  4.08195E-01  0.00000E+00  0.00000E+00 -2.47287E-01  0.00000E+00 -6.56682E-02
 THETA6       -1.89166E-01  2.79144E-01 -2.78071E-02 -7.32519E-02  9.42356E-01  1.28047E-01 -4.82436E-02  3.31808E-03  3.05018E-01  0.00000E+00  0.00000E+00 -1.50402E-01  0.00000E+00 -4.40640E-02
 THETA7       -2.08503E-02 -1.61711E-01 -1.80487E-01 -1.28633E-01 -6.30847E-02 -4.82436E-02  1.58914E-03  1.74689E-02 -9.78490E-02  0.00000E+00  0.00000E+00 -1.40543E-01  0.00000E+00 -1.35799E-01
 THETA8        8.66829E-02  9.67537E-02 -2.99208E-01 -4.05567E-01 -6.47746E-03  3.31808E-03  1.74689E-02  1.13787E-03 -1.01053E-01  0.00000E+00  0.00000E+00  6.19642E-02  0.00000E+00  2.40007E-01
 SIGMA(1,1)   -3.41435E-01  4.77252E-01  2.11048E-01 -2.33741E-02  4.08195E-01  3.05018E-01 -9.78490E-02 -1.01053E-01  1.53055E-02  0.00000E+00  0.00000E+00 -5.57344E-01  0.00000E+00 -1.91371E-01
 SIGMA(2,1)    0.00000E+00  0.00000E+00  0.00000E+00  0.00000E+00  0.00000E+00  0.00000E+00  0.00000E+00  0.00000E+00  0.00000E+00  0.00000E+00  0.00000E+00  0.00000E+00  0.00000E+00  0.00000E+00
 SIGMA(2,2)    0.00000E+00  0.00000E+00  0.00000E+00  0.00000E+00  0.00000E+00  0.00000E+00  0.00000E+00  0.00000E+00  0.00000E+00  0.00000E+00  0.00000E+00  0.00000E+00  0.00000E+00  0.00000E+00
 OMEGA(1,1)    3.16067E-01 -2.57986E-01 -3.42560E-01  1.41676E-01 -2.47287E-01 -1.50402E-01 -1.40543E-01  6.19642E-02 -5.57344E-01  0.00000E+00  0.00000E+00  2.03055E-01  0.00000E+00  1.32970E-01
 OMEGA(2,1)    0.00000E+00  0.00000E+00  0.00000E+00  0.00000E+00  0.00000E+00  0.00000E+00  0.00000E+00  0.00000E+00  0.00000E+00  0.00000E+00  0.00000E+00  0.00000E+00  0.00000E+00  0.00000E+00
 OMEGA(2,2)    1.25165E-01 -1.96421E-01 -1.79470E-01 -1.35839E-01 -6.56682E-02 -4.40640E-02 -1.35799E-01  2.40007E-01 -1.91371E-01  0.00000E+00  0.00000E+00  1.32970E-01  0.00000E+00  1.27235E-01
