TABLE NO.     1: First Order Conditional Estimation with Interaction: Problem=1 Subproblem=0 Superproblem1=0 Iteration1=0 Superproblem2=0 Iteration2=0
 NAME         THETA1       THETA2       THETA3       THETA4       THETA5       THETA6       THETA7       SIGMA(1,1)   SIGMA(2,1)   SIGMA(2,2)   OMEGA(1,1)   OMEGA(2,1)   OMEGA(2,2)
 THETA1        2.25639E-01 -9.05788E-02  3.97213E-02 -5.19759E-01 -2.64003E-01  1.24388E-01 -6.48108E-02 -1.59098E-01  0.00000E+00  0.00000E+00  2.19549E-01  0.00000E+00 -1.24092E-02
 THETA2       -9.05788E-02  5.33653E-01 -7.39905E-02 -2.26439E-01  9.92166E-02 -2.01762E-01  7.64542E-02  3.88699E-01  0.00000E+00  0.00000E+00 -1.05976E-01  0.00000E+00 -1.78847E-01
 THETA3        3.97213E-02 -7.39905E-02  3.26745E-02  2.56420E-01  3.30825E-02  1.65019E-01 -6.87843E-01  5.22597E-02  0.00000E+00  0.00000E+00 -1.54958E-01  0.00000E+00 -1.88193E-01
 THETA4       -5.19759E-01 -2.26439E-01  2.56420E-01  2.02279E+00  5.22356E-02 -5.54976E-02  1.17014E-02 -3.05594E-01  0.00000E+00  0.00000E+00  3.57636E-01  0.00000E+00  1.76246E-01
 THETA5       -2.64003E-01  9.92166E-02  3.30825E-02  5.22356E-02  1.95293E-01 -2.72008E-02 -2.02269E-02  2.22941E-01  0.00000E+00  0.00000E+00 -1.71621E-01  0.00000E+00 -1.94450E-02
 THETA6        1.24388E-01 -2.01762E-01  1.65019E-01 -5.54976E-02 -2.72008E-02  1.56437E-03 -3.19840E-02 -4.29881E-02  0.00000E+00  0.00000E+00 -2.27957E-01  0.00000E+00 -1.94587E-01
 THETA7       -6.48108E-02  7.64542E-02 -6.87843E-01  1.17014E-02 -2.02269E-02 -3.19840E-02  1.20633E-03 -1.43759E-01  0.00000E+00  0.00000E+00  1.97061E-01  0.00000E+00  2.83219E-01
 SIGMA(1,1)   -1.59098E-01  3.88699E-01  5.22597E-02 -3.05594E-01  2.22941E-01 -4.29881E-02 -1.43759E-01  1.44147E-02  0.00000E+00  0.00000E+00 -5.53340E-01  0.00000E+00 -1.96219E-01
 SIGMA(2,1)    0.00000E+00  0.00000E+00  0.00000E+00  0.00000E+00  0.00000E+00  0.00000E+00  0.00000E+00  0.00000E+00  0.00000E+00  0.00000E+00  0.00000E+00  0.00000E+00  0.00000E+00
 SIGMA(2,2)    0.00000E+00  0.00000E+00  0.00000E+00  0.00000E+00  0.00000E+00  0.00000E+00  0.00000E+00  0.00000E+00  0.00000E+00  0.00000E+00  0.00000E+00  0.00000E+00  0.00000E+00
 OMEGA(1,1)    2.19549E-01 -1.05976E-01 -1.54958E-01  3.57636E-01 -1.71621E-01 -2.27957E-01  1.97061E-01 -5.53340E-01  0.00000E+00  0.00000E+00  1.92408E-01  0.00000E+00  1.87916E-01
 OMEGA(2,1)    0.00000E+00  0.00000E+00  0.00000E+00  0.00000E+00  0.00000E+00  0.00000E+00  0.00000E+00  0.00000E+00  0.00000E+00  0.00000E+00  0.00000E+00  0.00000E+00  0.00000E+00
 OMEGA(2,2)   -1.24092E-02 -1.78847E-01 -1.88193E-01  1.76246E-01 -1.94450E-02 -1.94587E-01  2.83219E-01 -1.96219E-01  0.00000E+00  0.00000E+00  1.87916E-01  0.00000E+00  1.28154E-01
