TABLE NO.     1: First Order Conditional Estimation with Interaction: Problem=1 Subproblem=0 Superproblem1=0 Iteration1=0 Superproblem2=0 Iteration2=0
 NAME         THETA1       THETA2       THETA3       THETA4       THETA5       THETA6       THETA7       SIGMA(1,1)   SIGMA(2,1)   SIGMA(2,2)   OMEGA(1,1)   OMEGA(2,1)   OMEGA(2,2)
 THETA1        5.33500E+01  3.30780E+00 -1.48716E+02  5.09901E+00  6.99632E+00 -8.72879E+02 -1.06093E+03  2.87463E+01  0.00000E+00  0.00000E+00 -3.28922E+01  0.00000E+00 -6.81469E+00
 THETA2        3.30780E+00  4.97594E+00 -2.07643E+01  5.42905E-01 -4.96253E-02  2.96125E+02 -6.03052E+02 -6.60534E+01  0.00000E+00  0.00000E+00 -3.83071E+00  0.00000E+00  3.20402E+00
 THETA3       -1.48716E+02 -2.07643E+01  2.65450E+03 -2.58914E+01 -1.41870E+01 -4.66010E+03  4.40474E+04  8.06993E+01  0.00000E+00  0.00000E+00  1.35278E+02  0.00000E+00  1.53785E+01
 THETA4        5.09901E+00  5.42905E-01 -2.58914E+01  8.52828E-01  1.90951E-01 -4.69296E+01 -2.76159E+02  6.33416E+00  0.00000E+00  0.00000E+00 -4.35326E+00  0.00000E+00 -1.10065E+00
 THETA5        6.99632E+00 -4.96253E-02 -1.41870E+01  1.90951E-01  2.93566E+01 -2.43264E+01 -1.54811E+02 -6.67390E+01  0.00000E+00  0.00000E+00 -2.54654E-01  0.00000E+00 -1.27232E+00
 THETA6       -8.72879E+02  2.96125E+02 -4.66010E+03 -4.69296E+01 -2.43264E+01  5.27047E+05 -1.69634E+05  7.58641E+03  0.00000E+00  0.00000E+00  1.67363E+03  0.00000E+00  1.50708E+03
 THETA7       -1.06093E+03 -6.03052E+02  4.40474E+04 -2.76159E+02 -1.54811E+02 -1.69634E+05  1.57364E+06  8.42977E+03  0.00000E+00  0.00000E+00  6.30683E+02  0.00000E+00 -2.18524E+03
 SIGMA(1,1)    2.87463E+01 -6.60534E+01  8.06993E+01  6.33416E+00 -6.67390E+01  7.58641E+03  8.42977E+03  8.72000E+03  0.00000E+00  0.00000E+00  3.00111E+02  0.00000E+00  3.90399E+01
 SIGMA(2,1)    0.00000E+00  0.00000E+00  0.00000E+00  0.00000E+00  0.00000E+00  0.00000E+00  0.00000E+00  0.00000E+00  0.00000E+00  0.00000E+00  0.00000E+00  0.00000E+00  0.00000E+00
 SIGMA(2,2)    0.00000E+00  0.00000E+00  0.00000E+00  0.00000E+00  0.00000E+00  0.00000E+00  0.00000E+00  0.00000E+00  0.00000E+00  0.00000E+00  0.00000E+00  0.00000E+00  0.00000E+00
 OMEGA(1,1)   -3.28922E+01 -3.83071E+00  1.35278E+02 -4.35326E+00 -2.54654E-01  1.67363E+03  6.30683E+02  3.00111E+02  0.00000E+00  0.00000E+00  6.84210E+01  0.00000E+00  4.63595E+00
 OMEGA(2,1)    0.00000E+00  0.00000E+00  0.00000E+00  0.00000E+00  0.00000E+00  0.00000E+00  0.00000E+00  0.00000E+00  0.00000E+00  0.00000E+00  0.00000E+00  0.00000E+00  0.00000E+00
 OMEGA(2,2)   -6.81469E+00  3.20402E+00  1.53785E+01 -1.10065E+00 -1.27232E+00  1.50708E+03 -2.18524E+03  3.90399E+01  0.00000E+00  0.00000E+00  4.63595E+00  0.00000E+00  7.58471E+01
