 NAME             THETA1         THETA2         THETA3         THETA4         THETA5         THETA6         SIGMA(1,1)     OMEGA(1,1)     OMEGA(2,2)     
 THETA1           1.5165280E-02 -1.0719100E-02 -5.2368312E-06  8.7964151E-04  8.9264174E-02  1.2660266E-05 -1.5069727E-02  1.6248697E-03 -8.6161438E-04
 THETA2          -1.0719100E-02  2.3856314E-01 -4.0962390E-04 -1.3708478E-02 -6.8847230E-02 -8.9851426E-05  1.7847671E-02  9.6984854E-03 -5.7184051E-03
 THETA3          -5.2368312E-06 -4.0962390E-04  1.3508113E-04  1.3465980E-03  2.7220204E-03 -6.5667637E-06 -9.0458226E-04 -7.3342718E-05  2.0768445E-04
 THETA4           8.7964151E-04 -1.3708478E-02  1.3465980E-03  2.6749211E-02 -3.5373754E-02 -2.6264448E-05 -1.6574230E-02 -8.6515284E-04 -1.1786987E-03
 THETA5           8.9264174E-02 -6.8847230E-02  2.7220204E-03 -3.5373754E-02  1.5487930E+02  1.0587996E-03  1.3481202E+00 -1.8461617E-01 -3.7981405E-01
 THETA6           1.2660266E-05 -8.9851426E-05 -6.5667637E-06 -2.6264448E-05  1.0587996E-03  1.7339208E-06 -6.1704529E-05 -7.1932527E-06 -6.3226846E-05
 SIGMA(1,1)      -1.5069727E-02  1.7847671E-02 -9.0458226E-04 -1.6574230E-02  1.3481202E+00 -6.1704529E-05  6.3893253E-01  2.2046668E-03 -2.4013234E-04
 OMEGA(1,1)       1.6248697E-03  9.6984854E-03 -7.3342718E-05 -8.6515284E-04 -1.8461617E-01 -7.1932527E-06  2.2046668E-03  3.3096634E-02  3.2655617E-04
 OMEGA(2,2)      -8.6161438E-04 -5.7184051E-03  2.0768445E-04 -1.1786987E-03 -3.7981405E-01 -6.3226846E-05 -2.4013234E-04  3.2655617E-04  3.8935646E-02
