 NAME             THETA1         THETA2         THETA3         THETA4         THETA5         THETA6         SIGMA(1,1)     OMEGA(1,1)     OMEGA(2,2)     
 THETA1           1.7699597E-02 -2.8465630E-03  3.4874110E-04  1.4093058E-03  6.7363431E-02 -1.0504438E-06 -4.5021860E-03  1.7317064E-03 -3.5915121E-04
 THETA2          -2.8465630E-03  1.1419084E-02 -2.3057758E-04 -2.5960455E-03  3.8056597E-02 -1.3815430E-05  6.5337887E-04  3.9502524E-04 -1.9437375E-03
 THETA3           3.4874110E-04 -2.3057758E-04  4.9258469E-04  1.9219479E-03  2.2924780E-02 -1.6713258E-05 -6.0200966E-04 -8.9225304E-05  2.0079913E-04
 THETA4           1.4093058E-03 -2.5960455E-03  1.9219479E-03  1.5824212E-02  8.0071269E-02 -3.1843298E-05 -2.6826465E-03 -3.0365384E-04 -5.7832736E-04
 THETA5           6.7363431E-02  3.8056597E-02  2.2924780E-02  8.0071269E-02  1.3711880E+02  1.2834501E-03  9.9371668E-02 -1.1849185E-01 -2.1941068E-01
 THETA6          -1.0504438E-06 -1.3815430E-05 -1.6713258E-05 -3.1843298E-05  1.2834501E-03  2.8582433E-06 -3.6670979E-05 -9.2942232E-06 -6.2752107E-05
 SIGMA(1,1)      -4.5021860E-03  6.5337887E-04 -6.0200966E-04 -2.6826465E-03  9.9371668E-02 -3.6670979E-05  6.3339955E-02 -1.4205981E-03  3.1737707E-04
 OMEGA(1,1)       1.7317064E-03  3.9502524E-04 -8.9225304E-05 -3.0365384E-04 -1.1849185E-01 -9.2942232E-06 -1.4205981E-03  3.6385220E-02 -2.3125689E-04
 OMEGA(2,2)      -3.5915121E-04 -1.9437375E-03  2.0079913E-04 -5.7832736E-04 -2.1941068E-01 -6.2752107E-05  3.1737707E-04 -2.3125689E-04  2.7591362E-02
