 NAME             THETA1         THETA2         THETA3         THETA4         THETA5         THETA6         SIGMA(1,1)     OMEGA(1,1)     OMEGA(2,2)     
 THETA1           2.0530130E-02 -4.9748742E-03  1.7352272E-04  1.1987626E-03  1.0123886E-01  2.5120676E-06 -4.5636448E-03  2.4333396E-03 -2.1153621E-03
 THETA2          -4.9748742E-03  7.0595553E-02 -1.7370368E-04 -4.4929445E-03 -3.0725450E-02 -3.3139747E-05 -1.9287338E-05  4.3096288E-03 -4.0189237E-03
 THETA3           1.7352272E-04 -1.7370368E-04  2.8855815E-04  1.4361637E-03  6.4350157E-03 -1.2734064E-05 -3.8628479E-04 -3.5409023E-06  2.0519019E-04
 THETA4           1.1987626E-03 -4.4929445E-03  1.4361637E-03  1.4501777E-02  2.0850817E-02 -3.2665340E-05 -2.7874434E-03  7.0412986E-04 -1.9387006E-04
 THETA5           1.0123886E-01 -3.0725450E-02  6.4350157E-03  2.0850817E-02  1.9691080E+02  1.4736284E-03  1.5890495E-01 -2.6994151E-01 -2.7279401E-01
 THETA6           2.5120676E-06 -3.3139747E-05 -1.2734064E-05 -3.2665340E-05  1.4736284E-03  2.3148975E-06 -1.7858526E-05 -1.4539770E-05 -5.0329356E-05
 SIGMA(1,1)      -4.5636448E-03 -1.9287338E-05 -3.8628479E-04 -2.7874434E-03  1.5890495E-01 -1.7858526E-05  2.8761951E-02 -1.1335927E-03 -2.0615892E-04
 OMEGA(1,1)       2.4333396E-03  4.3096288E-03 -3.5409023E-06  7.0412986E-04 -2.6994151E-01 -1.4539770E-05 -1.1335927E-03  3.4306963E-02 -8.8842552E-04
 OMEGA(2,2)      -2.1153621E-03 -4.0189237E-03  2.0519019E-04 -1.9387006E-04 -2.7279401E-01 -5.0329356E-05 -2.0615892E-04 -8.8842552E-04  1.6614327E-02
