 NAME             THETA1         THETA2         THETA3         THETA4         THETA5         THETA6         SIGMA(1,1)     OMEGA(1,1)     OMEGA(2,2)     
 THETA1           1.4079660E-02 -3.3292866E-02 -7.7314135E-05 -5.1072057E-04  3.9906053E-04  1.5977135E-05 -2.9726425E-02  1.5721971E-03 -9.3031316E-04
 THETA2          -3.3292866E-02  1.0599685E+00  2.5126715E-04 -1.2595765E-02 -1.3203974E-02 -2.7304639E-04  5.8741829E-02  3.4301776E-02 -9.7759362E-03
 THETA3          -7.7314135E-05  2.5126715E-04  5.2475367E-05  5.6029979E-04  1.4753732E-03 -3.5170648E-06 -1.3123347E-03 -9.0898076E-05  4.7841860E-05
 THETA4          -5.1072057E-04 -1.2595765E-02  5.6029979E-04  1.3425505E-02 -4.0745353E-03 -1.2462590E-05 -2.5972036E-02 -1.5294555E-03 -3.6351307E-03
 THETA5           3.9906053E-04 -1.3203974E-02  1.4753732E-03 -4.0745353E-03  6.9972534E+00 -2.9489582E-05  5.6669523E-01 -4.9750976E-02 -4.9116711E-02
 THETA6           1.5977135E-05 -2.7304639E-04 -3.5170648E-06 -1.2462590E-05 -2.9489582E-05  1.3221878E-06 -1.1784993E-04 -6.9107094E-06 -5.7131069E-05
 SIGMA(1,1)      -2.9726425E-02  5.8741829E-02 -1.3123347E-03 -2.5972036E-02  5.6669523E-01 -1.1784993E-04  2.1989318E+00 -8.1148535E-03  3.3394687E-02
 OMEGA(1,1)       1.5721971E-03  3.4301776E-02 -9.0898076E-05 -1.5294555E-03 -4.9750976E-02 -6.9107094E-06 -8.1148535E-03  3.6123684E-02 -5.4469026E-03
 OMEGA(2,2)      -9.3031316E-04 -9.7759362E-03  4.7841860E-05 -3.6351307E-03 -4.9116711E-02 -5.7131069E-05  3.3394687E-02 -5.4469026E-03  5.9348737E-02
