 NAME             THETA1         THETA2         THETA3         THETA4         THETA5         THETA6         SIGMA(1,1)     OMEGA(1,1)     OMEGA(2,2)     
 THETA1           7.6946962E-03 -4.4318155E-03  4.7849988E-04  1.7535675E-03  1.0516085E-03 -1.0696009E-05 -6.1877785E-05  3.0487179E-04  3.1956787E-05
 THETA2          -4.4318155E-03  8.8344329E-02 -1.2143710E-03 -1.6520226E-02  5.8414667E-03 -3.0741790E-05  2.6151579E-04  1.1874451E-03 -1.2634610E-03
 THETA3           4.7849988E-04 -1.2143710E-03  2.0744187E-03  9.8127205E-03  6.4202897E-04 -3.6410773E-05 -4.2252074E-05  8.1499833E-05  2.7196829E-04
 THETA4           1.7535675E-03 -1.6520226E-02  9.8127205E-03  1.0370209E-01 -2.8870842E-03 -8.4031588E-05 -2.5166403E-04 -1.4013914E-03  3.8976730E-04
 THETA5           1.0516085E-03  5.8414667E-03  6.4202897E-04 -2.8870842E-03  3.5092914E-01  5.4319263E-05  1.3831328E-04 -1.4144601E-03 -2.6032398E-03
 THETA6          -1.0696009E-05 -3.0741790E-05 -3.6410773E-05 -8.4031588E-05  5.4319263E-05  3.2646223E-06 -1.0256080E-06 -1.2565924E-05 -2.4675748E-05
 SIGMA(1,1)      -6.1877785E-05  2.6151579E-04 -4.2252074E-05 -2.5166403E-04  1.3831328E-04 -1.0256080E-06  9.3949251E-05 -1.0839896E-05 -1.0834789E-05
 OMEGA(1,1)       3.0487179E-04  1.1874451E-03  8.1499833E-05 -1.4013914E-03 -1.4144601E-03 -1.2565924E-05 -1.0839896E-05  1.1260192E-02  3.5622262E-04
 OMEGA(2,2)       3.1956787E-05 -1.2634610E-03  2.7196829E-04  3.8976730E-04 -2.6032398E-03 -2.4675748E-05 -1.0834789E-05  3.5622262E-04  4.2827826E-03
