TABLE NO.     1: First Order Conditional Estimation with Interaction: Problem=1 Subproblem=0 Superproblem1=0 Iteration1=0 Superproblem2=0 Iteration2=0
 NAME         THETA1       THETA2       THETA3       THETA4       THETA5       THETA6       THETA7       THETA8       SIGMA(1,1)   SIGMA(2,1)   SIGMA(2,2)   OMEGA(1,1)   OMEGA(2,1)   OMEGA(2,2)
 THETA1        4.01958E-02 -1.00252E-01 -6.84407E-02 -1.10402E-02  8.40019E-06  9.58720E-05  1.61437E-04  2.43812E-05 -1.62943E-03  0.00000E+00  0.00000E+00  1.54433E-02  0.00000E+00  4.08294E-03
 THETA2       -1.00252E-01  7.32283E-01  2.90602E-01  4.96486E-02 -2.16754E-05 -4.68082E-04  1.31571E-03 -2.05055E-04  6.37636E-03  0.00000E+00  0.00000E+00 -5.99956E-03  0.00000E+00 -3.06980E-02
 THETA3       -6.84407E-02  2.90602E-01  6.49652E-01  1.22172E-01 -3.89520E-04 -2.91813E-04 -5.16451E-04 -8.34110E-05  5.61475E-03  0.00000E+00  0.00000E+00 -3.16173E-02  0.00000E+00 -6.36312E-03
 THETA4       -1.10402E-02  4.96486E-02  1.22172E-01  2.45334E-02 -5.69477E-05 -5.43013E-05 -1.28802E-04 -1.37144E-05  9.12991E-04  0.00000E+00  0.00000E+00 -4.72795E-03  0.00000E+00 -1.00375E-03
 THETA5        8.40019E-06 -2.16754E-05 -3.89520E-04 -5.69477E-05  1.04785E-04  1.72286E-06  6.17323E-06  2.16199E-07 -1.77083E-05  0.00000E+00  0.00000E+00 -1.21402E-04  0.00000E+00 -1.00466E-04
 THETA6        9.58720E-05 -4.68082E-04 -2.91813E-04 -5.43013E-05  1.72286E-06  4.17955E-06  2.36317E-06  2.80301E-08 -5.45680E-06  0.00000E+00  0.00000E+00 -2.94977E-05  0.00000E+00 -2.07052E-05
 THETA7        1.61437E-04  1.31571E-03 -5.16451E-04 -1.28802E-04  6.17323E-06  2.36317E-06  4.14597E-05 -4.94536E-07 -1.09723E-05  0.00000E+00  0.00000E+00  2.01141E-04  0.00000E+00 -1.27467E-04
 THETA8        2.43812E-05 -2.05055E-04 -8.34110E-05 -1.37144E-05  2.16199E-07  2.80301E-08 -4.94536E-07  4.17969E-06 -2.52783E-06  0.00000E+00  0.00000E+00 -1.98133E-06  0.00000E+00  1.98880E-05
 SIGMA(1,1)   -1.62943E-03  6.37636E-03  5.61475E-03  9.12991E-04 -1.77083E-05 -5.45680E-06 -1.09723E-05 -2.52783E-06  2.36942E-04  0.00000E+00  0.00000E+00 -1.50031E-03  0.00000E+00 -1.02484E-04
 SIGMA(2,1)    0.00000E+00  0.00000E+00  0.00000E+00  0.00000E+00  0.00000E+00  0.00000E+00  0.00000E+00  0.00000E+00  0.00000E+00  0.00000E+00  0.00000E+00  0.00000E+00  0.00000E+00  0.00000E+00
 SIGMA(2,2)    0.00000E+00  0.00000E+00  0.00000E+00  0.00000E+00  0.00000E+00  0.00000E+00  0.00000E+00  0.00000E+00  0.00000E+00  0.00000E+00  0.00000E+00  0.00000E+00  0.00000E+00  0.00000E+00
 OMEGA(1,1)    1.54433E-02 -5.99956E-03 -3.16173E-02 -4.72795E-03 -1.21402E-04 -2.94977E-05  2.01141E-04 -1.98133E-06 -1.50031E-03  0.00000E+00  0.00000E+00  3.53358E-02  0.00000E+00 -3.65493E-03
 OMEGA(2,1)    0.00000E+00  0.00000E+00  0.00000E+00  0.00000E+00  0.00000E+00  0.00000E+00  0.00000E+00  0.00000E+00  0.00000E+00  0.00000E+00  0.00000E+00  0.00000E+00  0.00000E+00  0.00000E+00
 OMEGA(2,2)    4.08294E-03 -3.06980E-02 -6.36312E-03 -1.00375E-03 -1.00466E-04 -2.07052E-05 -1.27467E-04  1.98880E-05 -1.02484E-04  0.00000E+00  0.00000E+00 -3.65493E-03  0.00000E+00  6.86202E-03
