TABLE NO.     1: First Order Conditional Estimation with Interaction: Problem=1 Subproblem=0 Superproblem1=0 Iteration1=0 Superproblem2=0 Iteration2=0
 NAME         THETA1       THETA2       THETA3       THETA4       THETA5       THETA6       THETA7       THETA8       SIGMA(1,1)   SIGMA(2,1)   SIGMA(2,2)   OMEGA(1,1)   OMEGA(2,1)   OMEGA(2,2)
 THETA1        2.00489E-01 -5.84339E-01 -4.23529E-01 -3.51568E-01  4.09306E-03  2.33904E-01  1.25055E-01  5.94830E-02 -5.27988E-01  0.00000E+00  0.00000E+00  4.09772E-01  0.00000E+00  2.45842E-01
 THETA2       -5.84339E-01  8.55736E-01  4.21327E-01  3.70415E-01 -2.47444E-03 -2.67558E-01  2.38786E-01 -1.17208E-01  4.84075E-01  0.00000E+00  0.00000E+00 -3.72968E-02  0.00000E+00 -4.33057E-01
 THETA3       -4.23529E-01  4.21327E-01  8.06010E-01  9.67729E-01 -4.72105E-02 -1.77092E-01 -9.95120E-02 -5.06187E-02  4.52553E-01  0.00000E+00  0.00000E+00 -2.08678E-01  0.00000E+00 -9.53024E-02
 THETA4       -3.51568E-01  3.70415E-01  9.67729E-01  1.56632E-01 -3.55178E-02 -1.69577E-01 -1.27712E-01 -4.28278E-02  3.78675E-01  0.00000E+00  0.00000E+00 -1.60578E-01  0.00000E+00 -7.73604E-02
 THETA5        4.09306E-03 -2.47444E-03 -4.72105E-02 -3.55178E-02  1.02365E-02  8.23256E-02  9.36589E-02  1.03307E-02 -1.12384E-01  0.00000E+00  0.00000E+00 -6.30911E-02  0.00000E+00 -1.18479E-01
 THETA6        2.33904E-01 -2.67558E-01 -1.77092E-01 -1.69577E-01  8.23256E-02  2.04439E-03  1.79522E-01  6.70637E-03 -1.73402E-01  0.00000E+00  0.00000E+00 -7.67566E-02  0.00000E+00 -1.22261E-01
 THETA7        1.25055E-01  2.38786E-01 -9.95120E-02 -1.27712E-01  9.36589E-02  1.79522E-01  6.43892E-03 -3.75675E-02 -1.10704E-01  0.00000E+00  0.00000E+00  1.66180E-01  0.00000E+00 -2.38978E-01
 THETA8        5.94830E-02 -1.17208E-01 -5.06187E-02 -4.28278E-02  1.03307E-02  6.70637E-03 -3.75675E-02  2.04443E-03 -8.03259E-02  0.00000E+00  0.00000E+00 -5.15557E-03  0.00000E+00  1.17434E-01
 SIGMA(1,1)   -5.27988E-01  4.84075E-01  4.52553E-01  3.78675E-01 -1.12384E-01 -1.73402E-01 -1.10704E-01 -8.03259E-02  1.53929E-02  0.00000E+00  0.00000E+00 -5.18505E-01  0.00000E+00 -8.03726E-02
 SIGMA(2,1)    0.00000E+00  0.00000E+00  0.00000E+00  0.00000E+00  0.00000E+00  0.00000E+00  0.00000E+00  0.00000E+00  0.00000E+00  0.00000E+00  0.00000E+00  0.00000E+00  0.00000E+00  0.00000E+00
 SIGMA(2,2)    0.00000E+00  0.00000E+00  0.00000E+00  0.00000E+00  0.00000E+00  0.00000E+00  0.00000E+00  0.00000E+00  0.00000E+00  0.00000E+00  0.00000E+00  0.00000E+00  0.00000E+00  0.00000E+00
 OMEGA(1,1)    4.09772E-01 -3.72968E-02 -2.08678E-01 -1.60578E-01 -6.30911E-02 -7.67566E-02  1.66180E-01 -5.15557E-03 -5.18505E-01  0.00000E+00  0.00000E+00  1.87978E-01  0.00000E+00 -2.34718E-01
 OMEGA(2,1)    0.00000E+00  0.00000E+00  0.00000E+00  0.00000E+00  0.00000E+00  0.00000E+00  0.00000E+00  0.00000E+00  0.00000E+00  0.00000E+00  0.00000E+00  0.00000E+00  0.00000E+00  0.00000E+00
 OMEGA(2,2)    2.45842E-01 -4.33057E-01 -9.53024E-02 -7.73604E-02 -1.18479E-01 -1.22261E-01 -2.38978E-01  1.17434E-01 -8.03726E-02  0.00000E+00  0.00000E+00 -2.34718E-01  0.00000E+00  8.28373E-02
