TABLE NO.     1: First Order Conditional Estimation with Interaction: Problem=1 Subproblem=0 Superproblem1=0 Iteration1=0 Superproblem2=0 Iteration2=0
 NAME         THETA1       THETA2       THETA3       THETA4       THETA5       THETA6       THETA7       THETA8       SIGMA(1,1)   SIGMA(2,1)   SIGMA(2,2)   OMEGA(1,1)   OMEGA(2,1)   OMEGA(2,2)
 THETA1        5.93324E+01  6.39949E+00  8.28706E+00 -3.59285E+01 -1.72632E+01 -6.47787E+02 -3.71932E+02  8.04539E+01 -2.06613E+01  0.00000E+00  0.00000E+00 -2.43731E+01  0.00000E+00 -2.68851E+01
 THETA2        6.39949E+00  3.68770E+00 -1.08774E-02 -2.69735E+00 -5.03134E+00  2.38086E+02 -1.40131E+02  4.07385E+01 -6.48497E+01  0.00000E+00  0.00000E+00 -3.55342E+00  0.00000E+00  7.34741E+00
 THETA3        8.28706E+00 -1.08774E-02  3.02864E+01 -1.43687E+02  2.18826E+01 -2.87958E+01 -1.38667E+02  7.95541E+00 -1.12039E+02  0.00000E+00  0.00000E+00  1.39935E-01  0.00000E+00 -1.87712E+00
 THETA4       -3.59285E+01 -2.69735E+00 -1.43687E+02  7.34073E+02 -1.11989E+02  1.53276E+02  8.56556E+02 -3.58148E+01  4.27067E+02  0.00000E+00  0.00000E+00 -1.71630E+00  0.00000E+00  3.74956E+00
 THETA5       -1.72632E+01 -5.03134E+00  2.18826E+01 -1.11989E+02  1.02985E+04  6.63550E+02 -9.83707E+02 -7.37033E+02  1.70863E+03  0.00000E+00  0.00000E+00  1.49473E+02  0.00000E+00  2.33449E+02
 THETA6       -6.47787E+02  2.38086E+02 -2.87958E+01  1.53276E+02  6.63550E+02  3.18717E+05 -1.92480E+04  1.04030E+03  4.27672E+03  0.00000E+00  0.00000E+00  1.16118E+03  0.00000E+00  2.73945E+03
 THETA7       -3.71932E+02 -1.40131E+02 -1.38667E+02  8.56556E+02 -9.83707E+02 -1.92480E+04  3.32625E+04  1.11528E+02  2.65749E+03  0.00000E+00  0.00000E+00  5.45412E+01  0.00000E+00  2.04926E+02
 THETA8        8.04539E+01  4.07385E+01  7.95541E+00 -3.58148E+01 -7.37033E+02  1.04030E+03  1.11528E+02  2.44557E+05  1.77892E+03  0.00000E+00  0.00000E+00  4.23683E+00  0.00000E+00 -5.49033E+02
 SIGMA(1,1)   -2.06613E+01 -6.48497E+01 -1.12039E+02  4.27067E+02  1.70863E+03  4.27672E+03  2.65749E+03  1.77892E+03  9.55948E+03  0.00000E+00  0.00000E+00  3.65591E+02  0.00000E+00  1.00382E+02
 SIGMA(2,1)    0.00000E+00  0.00000E+00  0.00000E+00  0.00000E+00  0.00000E+00  0.00000E+00  0.00000E+00  0.00000E+00  0.00000E+00  0.00000E+00  0.00000E+00  0.00000E+00  0.00000E+00  0.00000E+00
 SIGMA(2,2)    0.00000E+00  0.00000E+00  0.00000E+00  0.00000E+00  0.00000E+00  0.00000E+00  0.00000E+00  0.00000E+00  0.00000E+00  0.00000E+00  0.00000E+00  0.00000E+00  0.00000E+00  0.00000E+00
 OMEGA(1,1)   -2.43731E+01 -3.55342E+00  1.39935E-01 -1.71630E+00  1.49473E+02  1.16118E+03  5.45412E+01  4.23683E+00  3.65591E+02  0.00000E+00  0.00000E+00  5.93070E+01  0.00000E+00  4.22260E+01
 OMEGA(2,1)    0.00000E+00  0.00000E+00  0.00000E+00  0.00000E+00  0.00000E+00  0.00000E+00  0.00000E+00  0.00000E+00  0.00000E+00  0.00000E+00  0.00000E+00  0.00000E+00  0.00000E+00  0.00000E+00
 OMEGA(2,2)   -2.68851E+01  7.34741E+00 -1.87712E+00  3.74956E+00  2.33449E+02  2.73945E+03  2.04926E+02 -5.49033E+02  1.00382E+02  0.00000E+00  0.00000E+00  4.22260E+01  0.00000E+00  2.34476E+02
