TABLE NO.     1: First Order Conditional Estimation with Interaction: Problem=1 Subproblem=0 Superproblem1=0 Iteration1=0 Superproblem2=0 Iteration2=0
 NAME         THETA1       THETA2       THETA3       THETA4       THETA5       THETA6       THETA7       THETA8       THETA9       SIGMA(1,1)   SIGMA(2,1)   SIGMA(2,2)   OMEGA(1,1)   OMEGA(2,1)   OMEGA(2,2)
 THETA1        1.95615E-01 -5.65559E-01 -4.27642E-01 -3.46609E-01 -6.36663E-02  2.55872E-01  1.58313E-01  3.88219E-02  1.74756E-01 -5.36631E-01  0.00000E+00  0.00000E+00  4.32301E-01  0.00000E+00  2.77314E-01
 THETA2       -5.65559E-01  8.96317E-01  3.59325E-01  2.98717E-01  5.92543E-02 -2.76959E-01  2.58437E-01 -1.70404E-01  6.00759E-02  4.74124E-01  0.00000E+00  0.00000E+00 -6.19651E-02  0.00000E+00 -4.53561E-01
 THETA3       -4.27642E-01  3.59325E-01  7.59475E-01  9.60754E-01 -2.46686E-02 -1.75433E-01 -1.63855E-01 -1.29501E-03 -1.79564E-01  4.67964E-01  0.00000E+00  0.00000E+00 -2.72731E-01  0.00000E+00 -6.87349E-02
 THETA4       -3.46609E-01  2.98717E-01  9.60754E-01  1.46273E-01 -1.30635E-02 -1.60779E-01 -1.83692E-01  5.95817E-03 -1.68980E-01  3.85696E-01  0.00000E+00  0.00000E+00 -2.16618E-01  0.00000E+00 -5.05597E-02
 THETA5       -6.36663E-02  5.92543E-02 -2.46686E-02 -1.30635E-02  1.05726E-02  3.46391E-02  3.23208E-02 -5.54675E-02  6.33117E-02 -6.08199E-02  0.00000E+00  0.00000E+00 -9.18617E-02  0.00000E+00 -1.16138E-01
 THETA6        2.55872E-01 -2.76959E-01 -1.75433E-01 -1.60779E-01  3.46391E-02  1.94779E-03  1.61741E-01  1.63402E-02 -3.36063E-02 -1.91243E-01  0.00000E+00  0.00000E+00 -7.70248E-02  0.00000E+00 -5.75022E-02
 THETA7        1.58313E-01  2.58437E-01 -1.63855E-01 -1.83692E-01  3.23208E-02  1.61741E-01  6.97837E-03 -9.52032E-02  1.83333E-01 -1.97024E-01  0.00000E+00  0.00000E+00  2.17415E-01  0.00000E+00 -1.92325E-01
 THETA8        3.88219E-02 -1.70404E-01 -1.29501E-03  5.95817E-03 -5.54675E-02  1.63402E-02 -9.52032E-02  2.09878E-03 -2.62002E-01 -8.28708E-02  0.00000E+00  0.00000E+00 -2.51495E-02  0.00000E+00  1.22334E-01
 THETA9        1.74756E-01  6.00759E-02 -1.79564E-01 -1.68980E-01  6.33117E-02 -3.36063E-02  1.83333E-01 -2.62002E-01  7.81853E-02 -5.14887E-02  0.00000E+00  0.00000E+00  1.09839E-01  0.00000E+00  2.14729E-01
 SIGMA(1,1)   -5.36631E-01  4.74124E-01  4.67964E-01  3.85696E-01 -6.08199E-02 -1.91243E-01 -1.97024E-01 -8.28708E-02 -5.14887E-02  1.59514E-02  0.00000E+00  0.00000E+00 -5.43132E-01  0.00000E+00 -1.25250E-01
 SIGMA(2,1)    0.00000E+00  0.00000E+00  0.00000E+00  0.00000E+00  0.00000E+00  0.00000E+00  0.00000E+00  0.00000E+00  0.00000E+00  0.00000E+00  0.00000E+00  0.00000E+00  0.00000E+00  0.00000E+00  0.00000E+00
 SIGMA(2,2)    0.00000E+00  0.00000E+00  0.00000E+00  0.00000E+00  0.00000E+00  0.00000E+00  0.00000E+00  0.00000E+00  0.00000E+00  0.00000E+00  0.00000E+00  0.00000E+00  0.00000E+00  0.00000E+00  0.00000E+00
 OMEGA(1,1)    4.32301E-01 -6.19651E-02 -2.72731E-01 -2.16618E-01 -9.18617E-02 -7.70248E-02  2.17415E-01 -2.51495E-02  1.09839E-01 -5.43132E-01  0.00000E+00  0.00000E+00  1.90833E-01  0.00000E+00 -1.64776E-01
 OMEGA(2,1)    0.00000E+00  0.00000E+00  0.00000E+00  0.00000E+00  0.00000E+00  0.00000E+00  0.00000E+00  0.00000E+00  0.00000E+00  0.00000E+00  0.00000E+00  0.00000E+00  0.00000E+00  0.00000E+00  0.00000E+00
 OMEGA(2,2)    2.77314E-01 -4.53561E-01 -6.87349E-02 -5.05597E-02 -1.16138E-01 -5.75022E-02 -1.92325E-01  1.22334E-01  2.14729E-01 -1.25250E-01  0.00000E+00  0.00000E+00 -1.64776E-01  0.00000E+00  8.23419E-02
