TABLE NO.     1: First Order Conditional Estimation with Interaction: Problem=1 Subproblem=0 Superproblem1=0 Iteration1=0 Superproblem2=0 Iteration2=0
 NAME         THETA1       THETA2       THETA3       THETA4       THETA5       THETA6       THETA7       THETA8       THETA9       SIGMA(1,1)   SIGMA(2,1)   SIGMA(2,2)   OMEGA(1,1)   OMEGA(2,1)   OMEGA(2,2)
 THETA1        3.82651E-02 -9.91610E-02 -6.35324E-02 -9.91757E-03 -1.31671E-04  9.74915E-05  2.16109E-04  1.59384E-05  2.67275E-03 -1.67446E-03  0.00000E+00  0.00000E+00  1.61377E-02  0.00000E+00  4.46677E-03
 THETA2       -9.91610E-02  8.03385E-01  2.44603E-01  3.91639E-02  5.61516E-04 -4.83525E-04  1.61648E-03 -3.20558E-04  4.21005E-03  6.77878E-03  0.00000E+00  0.00000E+00 -1.05989E-02  0.00000E+00 -3.34748E-02
 THETA3       -6.35324E-02  2.44603E-01  5.76803E-01  1.06731E-01 -1.98079E-04 -2.59517E-04 -8.68413E-04 -2.06421E-06 -1.06625E-02  5.66923E-03  0.00000E+00  0.00000E+00 -3.95277E-02  0.00000E+00 -4.29845E-03
 THETA4       -9.91757E-03  3.91639E-02  1.06731E-01  2.13958E-02 -2.02025E-05 -4.58073E-05 -1.87503E-04  1.82912E-06 -1.93252E-03  8.99927E-04  0.00000E+00  0.00000E+00 -6.04660E-03  0.00000E+00 -6.08961E-04
 THETA5       -1.31671E-04  5.61516E-04 -1.98079E-04 -2.02025E-05  1.11779E-04  7.13328E-07  2.38460E-06 -1.23079E-06  5.23347E-05 -1.02571E-05  0.00000E+00  0.00000E+00 -1.85340E-04  0.00000E+00 -1.01105E-04
 THETA6        9.74915E-05 -4.83525E-04 -2.59517E-04 -4.58073E-05  7.13328E-07  3.79389E-06  2.19845E-06  6.67983E-08 -5.11785E-06 -5.94191E-06  0.00000E+00  0.00000E+00 -2.86303E-05  0.00000E+00 -9.22248E-06
 THETA7        2.16109E-04  1.61648E-03 -8.68413E-04 -1.87503E-04  2.38460E-06  2.19845E-06  4.86977E-05 -1.39435E-06  1.00028E-04 -2.19317E-05  0.00000E+00  0.00000E+00  2.89532E-04  0.00000E+00 -1.10513E-04
 THETA8        1.59384E-05 -3.20558E-04 -2.06421E-06  1.82912E-06 -1.23079E-06  6.67983E-08 -1.39435E-06  4.40486E-06 -4.29927E-05 -2.77438E-06  0.00000E+00  0.00000E+00 -1.00728E-05  0.00000E+00  2.11414E-05
 THETA9        2.67275E-03  4.21005E-03 -1.06625E-02 -1.93252E-03  5.23347E-05 -5.11785E-06  1.00028E-04 -4.29927E-05  6.11294E-03 -6.42148E-05  0.00000E+00  0.00000E+00  1.63884E-03  0.00000E+00  1.38241E-03
 SIGMA(1,1)   -1.67446E-03  6.77878E-03  5.66923E-03  8.99927E-04 -1.02571E-05 -5.94191E-06 -2.19317E-05 -2.77438E-06 -6.42148E-05  2.54447E-04  0.00000E+00  0.00000E+00 -1.65332E-03  0.00000E+00 -1.64511E-04
 SIGMA(2,1)    0.00000E+00  0.00000E+00  0.00000E+00  0.00000E+00  0.00000E+00  0.00000E+00  0.00000E+00  0.00000E+00  0.00000E+00  0.00000E+00  0.00000E+00  0.00000E+00  0.00000E+00  0.00000E+00  0.00000E+00
 SIGMA(2,2)    0.00000E+00  0.00000E+00  0.00000E+00  0.00000E+00  0.00000E+00  0.00000E+00  0.00000E+00  0.00000E+00  0.00000E+00  0.00000E+00  0.00000E+00  0.00000E+00  0.00000E+00  0.00000E+00  0.00000E+00
 OMEGA(1,1)    1.61377E-02 -1.05989E-02 -3.95277E-02 -6.04660E-03 -1.85340E-04 -2.86303E-05  2.89532E-04 -1.00728E-05  1.63884E-03 -1.65332E-03  0.00000E+00  0.00000E+00  3.64172E-02  0.00000E+00 -2.58922E-03
 OMEGA(2,1)    0.00000E+00  0.00000E+00  0.00000E+00  0.00000E+00  0.00000E+00  0.00000E+00  0.00000E+00  0.00000E+00  0.00000E+00  0.00000E+00  0.00000E+00  0.00000E+00  0.00000E+00  0.00000E+00  0.00000E+00
 OMEGA(2,2)    4.46677E-03 -3.34748E-02 -4.29845E-03 -6.08961E-04 -1.01105E-04 -9.22248E-06 -1.10513E-04  2.11414E-05  1.38241E-03 -1.64511E-04  0.00000E+00  0.00000E+00 -2.58922E-03  0.00000E+00  6.78019E-03
