TABLE NO.     1: First Order Conditional Estimation with Interaction: Problem=1 Subproblem=0 Superproblem1=0 Iteration1=0 Superproblem2=0 Iteration2=0
 NAME         THETA1       THETA2       THETA3       THETA4       THETA5       THETA6       THETA7       THETA8       SIGMA(1,1)   SIGMA(2,1)   SIGMA(2,2)   OMEGA(1,1)   OMEGA(2,1)   OMEGA(2,2)
 THETA1        1.74439E-01 -5.08355E-01 -3.74007E-01 -2.83283E-01 -7.45519E-02  1.77979E-01 -1.03880E-01  9.42432E-02 -4.85049E-01  0.00000E+00  0.00000E+00  5.02725E-01  0.00000E+00  1.24731E-01
 THETA2       -5.08355E-01  6.74577E-01  4.22210E-01  3.53965E-01 -1.39788E-02 -3.09378E-01  1.73234E-01  8.63749E-02  5.55567E-01  0.00000E+00  0.00000E+00 -2.19103E-01  0.00000E+00 -1.77996E-03
 THETA3       -3.74007E-01  4.22210E-01  6.55573E-01  9.54597E-01 -4.65448E-02 -1.25712E-01  7.64897E-02 -1.41240E-01  4.46644E-01  0.00000E+00  0.00000E+00 -2.76473E-01  0.00000E+00 -1.99816E-02
 THETA4       -2.83283E-01  3.53965E-01  9.54597E-01  1.31830E-01 -2.81446E-02 -1.07873E-01  5.85301E-02 -1.36134E-01  3.54147E-01  0.00000E+00  0.00000E+00 -2.06260E-01  0.00000E+00 -2.49739E-02
 THETA5       -7.45519E-02 -1.39788E-02 -4.65448E-02 -2.81446E-02  1.08021E-02  5.73194E-02 -3.55802E-02  7.76525E-02 -9.42052E-02  0.00000E+00  0.00000E+00 -8.51750E-02  0.00000E+00 -2.28167E-01
 THETA6        1.77979E-01 -3.09378E-01 -1.25712E-01 -1.07873E-01  5.73194E-02  1.84864E-03 -2.31537E-02 -4.89074E-02 -1.33274E-01  0.00000E+00  0.00000E+00 -1.43437E-01  0.00000E+00 -1.28443E-01
 THETA7       -1.03880E-01  1.73234E-01  7.64897E-02  5.85301E-02 -3.55802E-02 -2.31537E-02  3.03823E-03 -3.02362E-01 -8.63717E-03  0.00000E+00  0.00000E+00 -5.12144E-02  0.00000E+00  9.58346E-02
 THETA8        9.42432E-02  8.63749E-02 -1.41240E-01 -1.36134E-01  7.76525E-02 -4.89074E-02 -3.02362E-01  7.73573E-02  3.91248E-02  0.00000E+00  0.00000E+00  1.01689E-01  0.00000E+00  1.17093E-01
 SIGMA(1,1)   -4.85049E-01  5.55567E-01  4.46644E-01  3.54147E-01 -9.42052E-02 -1.33274E-01 -8.63717E-03  3.91248E-02  1.57340E-02  0.00000E+00  0.00000E+00 -5.60196E-01  0.00000E+00 -1.07516E-01
 SIGMA(2,1)    0.00000E+00  0.00000E+00  0.00000E+00  0.00000E+00  0.00000E+00  0.00000E+00  0.00000E+00  0.00000E+00  0.00000E+00  0.00000E+00  0.00000E+00  0.00000E+00  0.00000E+00  0.00000E+00
 SIGMA(2,2)    0.00000E+00  0.00000E+00  0.00000E+00  0.00000E+00  0.00000E+00  0.00000E+00  0.00000E+00  0.00000E+00  0.00000E+00  0.00000E+00  0.00000E+00  0.00000E+00  0.00000E+00  0.00000E+00
 OMEGA(1,1)    5.02725E-01 -2.19103E-01 -2.76473E-01 -2.06260E-01 -8.51750E-02 -1.43437E-01 -5.12144E-02  1.01689E-01 -5.60196E-01  0.00000E+00  0.00000E+00  1.84152E-01  0.00000E+00  3.41828E-02
 OMEGA(2,1)    0.00000E+00  0.00000E+00  0.00000E+00  0.00000E+00  0.00000E+00  0.00000E+00  0.00000E+00  0.00000E+00  0.00000E+00  0.00000E+00  0.00000E+00  0.00000E+00  0.00000E+00  0.00000E+00
 OMEGA(2,2)    1.24731E-01 -1.77996E-03 -1.99816E-02 -2.49739E-02 -2.28167E-01 -1.28443E-01  9.58346E-02  1.17093E-01 -1.07516E-01  0.00000E+00  0.00000E+00  3.41828E-02  0.00000E+00  8.28218E-02
