TABLE NO.     1: First Order Conditional Estimation with Interaction: Problem=1 Subproblem=0 Superproblem1=0 Iteration1=0 Superproblem2=0 Iteration2=0
 NAME         THETA1       THETA2       THETA3       THETA4       THETA5       THETA6       THETA7       THETA8       SIGMA(1,1)   SIGMA(2,1)   SIGMA(2,2)   OMEGA(1,1)   OMEGA(2,1)   OMEGA(2,2)
 THETA1        6.25449E+01  5.36656E+00  8.25141E+00 -3.36156E+01  4.23645E+01 -8.05138E+02  7.22410E+00 -8.90774E+00 -1.52159E+01  0.00000E+00  0.00000E+00 -2.33780E+01  0.00000E+00 -1.50172E+01
 THETA2        5.36656E+00  4.45251E+00 -8.79945E-01  7.17520E-01 -1.11672E+01  2.16564E+02 -1.77545E+02 -5.49237E+00 -8.19482E+01  0.00000E+00  0.00000E+00 -3.30279E+00  0.00000E+00 -1.36531E+00
 THETA3        8.25141E+00 -8.79945E-01  3.33761E+01 -1.48371E+02  2.69041E+01 -3.58727E+01 -3.98423E+01  4.93861E+00 -1.12727E+02  0.00000E+00  0.00000E+00  8.23663E-01  0.00000E+00 -4.86691E+00
 THETA4       -3.36156E+01  7.17520E-01 -1.48371E+02  7.30827E+02 -1.29586E+02  1.75837E+02  3.04311E+02 -4.58065E-01  3.73226E+02  0.00000E+00  0.00000E+00 -4.06631E+00  0.00000E+00  1.79865E+01
 THETA5        4.23645E+01 -1.11672E+01  2.69041E+01 -1.29586E+02  9.81950E+03  8.00559E+02 -6.20605E+01 -1.96271E+02  2.12892E+03  0.00000E+00  0.00000E+00  1.33464E+02  0.00000E+00  3.37349E+02
 THETA6       -8.05138E+02  2.16564E+02 -3.58727E+01  1.75837E+02  8.00559E+02  3.63084E+05 -8.59366E+03 -2.23386E+02  5.99770E+03  0.00000E+00  0.00000E+00  1.34320E+03  0.00000E+00  1.35579E+03
 THETA7        7.22410E+00 -1.77545E+02 -3.98423E+01  3.04311E+02 -6.20605E+01 -8.59366E+03  1.30145E+05  1.71114E+03  4.10851E+03  0.00000E+00  0.00000E+00  8.97277E+01  0.00000E+00 -5.92742E+02
 THETA8       -8.90774E+00 -5.49237E+00  4.93861E+00 -4.58065E-01 -1.96271E+02 -2.23386E+02  1.71114E+03  2.09338E+02 -1.52590E+02  0.00000E+00  0.00000E+00 -1.09425E+01  0.00000E+00 -3.46533E+01
 SIGMA(1,1)   -1.52159E+01 -8.19482E+01 -1.12727E+02  3.73226E+02  2.12892E+03  5.99770E+03  4.10851E+03 -1.52590E+02  9.80486E+03  0.00000E+00  0.00000E+00  3.80284E+02  0.00000E+00  2.53974E+02
 SIGMA(2,1)    0.00000E+00  0.00000E+00  0.00000E+00  0.00000E+00  0.00000E+00  0.00000E+00  0.00000E+00  0.00000E+00  0.00000E+00  0.00000E+00  0.00000E+00  0.00000E+00  0.00000E+00  0.00000E+00
 SIGMA(2,2)    0.00000E+00  0.00000E+00  0.00000E+00  0.00000E+00  0.00000E+00  0.00000E+00  0.00000E+00  0.00000E+00  0.00000E+00  0.00000E+00  0.00000E+00  0.00000E+00  0.00000E+00  0.00000E+00
 OMEGA(1,1)   -2.33780E+01 -3.30279E+00  8.23663E-01 -4.06631E+00  1.33464E+02  1.34320E+03  8.97277E+01 -1.09425E+01  3.80284E+02  0.00000E+00  0.00000E+00  5.92490E+01  0.00000E+00  1.80305E+01
 OMEGA(2,1)    0.00000E+00  0.00000E+00  0.00000E+00  0.00000E+00  0.00000E+00  0.00000E+00  0.00000E+00  0.00000E+00  0.00000E+00  0.00000E+00  0.00000E+00  0.00000E+00  0.00000E+00  0.00000E+00
 OMEGA(2,2)   -1.50172E+01 -1.36531E+00 -4.86691E+00  1.79865E+01  3.37349E+02  1.35579E+03 -5.92742E+02 -3.46533E+01  2.53974E+02  0.00000E+00  0.00000E+00  1.80305E+01  0.00000E+00  1.73272E+02
