TABLE NO.     1: First Order Conditional Estimation with Interaction: Problem=1 Subproblem=0 Superproblem1=0 Iteration1=0 Superproblem2=0 Iteration2=0
 NAME         THETA1       THETA2       THETA3       THETA4       THETA5       THETA6       THETA7       SIGMA(1,1)   SIGMA(2,1)   SIGMA(2,2)   OMEGA(1,1)   OMEGA(2,1)   OMEGA(2,2)
 THETA1        6.33650E+01  3.42987E+00  7.93869E+00 -3.07802E+01 -4.46874E+02 -3.95142E+02 -9.54154E+00  1.43821E+00  0.00000E+00  0.00000E+00 -2.22822E+01  0.00000E+00 -7.98450E+00
 THETA2        3.42987E+00  3.82961E+00 -5.24193E-01 -5.56876E-01  7.00690E+01 -2.02385E+02 -1.99211E+00 -7.55530E+01  0.00000E+00  0.00000E+00 -3.07822E+00  0.00000E+00 -1.34622E-02
 THETA3        7.93869E+00 -5.24193E-01  3.16679E+01 -1.37218E+02 -2.13735E+01 -4.54731E+01  3.51076E+00 -1.07903E+02  0.00000E+00  0.00000E+00  1.21606E+00  0.00000E+00 -2.13701E+00
 THETA4       -3.07802E+01 -5.56876E-01 -1.37218E+02  6.83100E+02  1.14332E+02  3.00568E+02  2.65588E+00  3.19745E+02  0.00000E+00  0.00000E+00 -5.95345E+00  0.00000E+00  7.30825E+00
 THETA5       -4.46874E+02  7.00690E+01 -2.13735E+01  1.14332E+02  1.91872E+05 -1.54375E+04 -4.82640E+02  5.95422E+03  0.00000E+00  0.00000E+00  9.80914E+02  0.00000E+00  6.27798E+02
 THETA6       -3.95142E+02 -2.02385E+02 -4.54731E+01  3.00568E+02 -1.54375E+04  6.95217E+05  3.50732E+03  7.36580E+03  0.00000E+00  0.00000E+00  7.04659E+01  0.00000E+00 -1.20118E+03
 THETA7       -9.54154E+00 -1.99211E+00  3.51076E+00  2.65588E+00 -4.82640E+02  3.50732E+03  1.95582E+02 -1.81035E+02  0.00000E+00  0.00000E+00 -1.16525E+01  0.00000E+00 -2.02864E+01
 SIGMA(1,1)    1.43821E+00 -7.55530E+01 -1.07903E+02  3.19745E+02  5.95422E+03  7.36580E+03 -1.81035E+02  9.69042E+03  0.00000E+00  0.00000E+00  3.64475E+02  0.00000E+00  1.25661E+02
 SIGMA(2,1)    0.00000E+00  0.00000E+00  0.00000E+00  0.00000E+00  0.00000E+00  0.00000E+00  0.00000E+00  0.00000E+00  0.00000E+00  0.00000E+00  0.00000E+00  0.00000E+00  0.00000E+00
 SIGMA(2,2)    0.00000E+00  0.00000E+00  0.00000E+00  0.00000E+00  0.00000E+00  0.00000E+00  0.00000E+00  0.00000E+00  0.00000E+00  0.00000E+00  0.00000E+00  0.00000E+00  0.00000E+00
 OMEGA(1,1)   -2.22822E+01 -3.07822E+00  1.21606E+00 -5.95345E+00  9.80914E+02  7.04659E+01 -1.16525E+01  3.64475E+02  0.00000E+00  0.00000E+00  5.68201E+01  0.00000E+00  5.31913E+00
 OMEGA(2,1)    0.00000E+00  0.00000E+00  0.00000E+00  0.00000E+00  0.00000E+00  0.00000E+00  0.00000E+00  0.00000E+00  0.00000E+00  0.00000E+00  0.00000E+00  0.00000E+00  0.00000E+00
 OMEGA(2,2)   -7.98450E+00 -1.34622E-02 -2.13701E+00  7.30825E+00  6.27798E+02 -1.20118E+03 -2.02864E+01  1.25661E+02  0.00000E+00  0.00000E+00  5.31913E+00  0.00000E+00  8.15222E+01
