TABLE NO.     1: First Order Conditional Estimation with Interaction: Problem=1 Subproblem=0 Superproblem1=0 Iteration1=0 Superproblem2=0 Iteration2=0
 NAME         THETA1       THETA2       THETA3       THETA4       THETA5       THETA6       THETA7       THETA8       THETA9       SIGMA(1,1)   SIGMA(2,1)   SIGMA(2,2)   OMEGA(1,1)   OMEGA(2,1)   OMEGA(2,2)
 THETA1        6.25778E+01  6.25468E+00  7.76545E+00 -3.30178E+01  9.31128E+00 -7.62924E+02 -3.35809E+02  6.98419E+01 -1.25110E+01 -2.20334E+01  0.00000E+00  0.00000E+00 -2.28046E+01  0.00000E+00 -2.16706E+01
 THETA2        6.25468E+00  3.51118E+00 -3.70573E-01 -8.53514E-01 -9.33279E+00  2.28266E+02 -1.42585E+02  4.30206E+01 -5.04391E+00 -6.30300E+01  0.00000E+00  0.00000E+00 -3.01340E+00  0.00000E+00  8.96453E+00
 THETA3        7.76545E+00 -3.70573E-01  2.85674E+01 -1.34100E+02  2.23934E+01 -2.89315E+01 -1.06699E+02  6.13409E+00  5.95802E+00 -1.09524E+02  0.00000E+00  0.00000E+00  4.64425E-01  0.00000E+00 -6.03720E+00
 THETA4       -3.30178E+01 -8.53514E-01 -1.34100E+02  6.90176E+02 -1.14121E+02  1.46421E+02  6.88892E+02 -2.69466E+01 -9.40718E+00  3.97924E+02  0.00000E+00  0.00000E+00 -2.98907E+00  0.00000E+00  1.47518E+01
 THETA5        9.31128E+00 -9.33279E+00  2.23934E+01 -1.14121E+02  9.70531E+03  8.10945E+02  4.94692E+02  1.04866E+03 -1.51491E+02  1.75031E+03  0.00000E+00  0.00000E+00  1.47687E+02  0.00000E+00  2.32111E+02
 THETA6       -7.62924E+02  2.28266E+02 -2.89315E+01  1.46421E+02  8.10945E+02  3.45845E+05 -1.93117E+04  2.43835E+03 -2.56570E+01  4.97975E+03  0.00000E+00  0.00000E+00  1.22396E+03  0.00000E+00  2.37801E+03
 THETA7       -3.35809E+02 -1.42585E+02 -1.06699E+02  6.88892E+02  4.94692E+02 -1.93117E+04  3.08052E+04  1.24461E+02 -2.59008E+02  4.21653E+03  0.00000E+00  0.00000E+00  6.37750E+01  0.00000E+00  1.73792E+02
 THETA8        6.98419E+01  4.30206E+01  6.13409E+00 -2.69466E+01  1.04866E+03  2.43835E+03  1.24461E+02  2.55291E+05  1.96853E+03  2.00643E+03  0.00000E+00  0.00000E+00 -5.25314E+00  0.00000E+00 -9.61878E+02
 THETA9       -1.25110E+01 -5.04391E+00  5.95802E+00 -9.40718E+00 -1.51491E+02 -2.56570E+01 -2.59008E+02  1.96853E+03  2.18181E+02 -1.12419E+02  0.00000E+00  0.00000E+00 -9.62245E+00  0.00000E+00 -7.72690E+01
 SIGMA(1,1)   -2.20334E+01 -6.30300E+01 -1.09524E+02  3.97924E+02  1.75031E+03  4.97975E+03  4.21653E+03  2.00643E+03 -1.12419E+02  9.53323E+03  0.00000E+00  0.00000E+00  3.67676E+02  0.00000E+00  1.59615E+02
 SIGMA(2,1)    0.00000E+00  0.00000E+00  0.00000E+00  0.00000E+00  0.00000E+00  0.00000E+00  0.00000E+00  0.00000E+00  0.00000E+00  0.00000E+00  0.00000E+00  0.00000E+00  0.00000E+00  0.00000E+00  0.00000E+00
 SIGMA(2,2)    0.00000E+00  0.00000E+00  0.00000E+00  0.00000E+00  0.00000E+00  0.00000E+00  0.00000E+00  0.00000E+00  0.00000E+00  0.00000E+00  0.00000E+00  0.00000E+00  0.00000E+00  0.00000E+00  0.00000E+00
 OMEGA(1,1)   -2.28046E+01 -3.01340E+00  4.64425E-01 -2.98907E+00  1.47687E+02  1.22396E+03  6.37750E+01 -5.25314E+00 -9.62245E+00  3.67676E+02  0.00000E+00  0.00000E+00  5.77300E+01  0.00000E+00  3.80240E+01
 OMEGA(2,1)    0.00000E+00  0.00000E+00  0.00000E+00  0.00000E+00  0.00000E+00  0.00000E+00  0.00000E+00  0.00000E+00  0.00000E+00  0.00000E+00  0.00000E+00  0.00000E+00  0.00000E+00  0.00000E+00  0.00000E+00
 OMEGA(2,2)   -2.16706E+01  8.96453E+00 -6.03720E+00  1.47518E+01  2.32111E+02  2.37801E+03  1.73792E+02 -9.61878E+02 -7.72690E+01  1.59615E+02  0.00000E+00  0.00000E+00  3.80240E+01  0.00000E+00  2.50197E+02
