TABLE NO.     1: First Order Conditional Estimation with Interaction: Problem=1 Subproblem=0 Superproblem1=0 Iteration1=0 Superproblem2=0 Iteration2=0
 NAME         THETA1       THETA2       THETA3       THETA4       THETA5       THETA6       THETA7       SIGMA(1,1)   SIGMA(2,1)   SIGMA(2,2)   OMEGA(1,1)   OMEGA(2,1)   OMEGA(2,2)
 THETA1        6.33547E+01  3.43289E+00  7.94649E+00 -3.08368E+01 -4.45192E+02 -3.74660E+02 -9.51879E+00  1.47146E+00  0.00000E+00  0.00000E+00 -2.22863E+01  0.00000E+00 -7.99051E+00
 THETA2        3.43289E+00  3.82716E+00 -5.18331E-01 -5.82225E-01  7.06770E+01 -2.00706E+02 -1.95728E+00 -7.56185E+01  0.00000E+00  0.00000E+00 -3.08004E+00  0.00000E+00 -1.12675E-02
 THETA3        7.94649E+00 -5.18331E-01  3.16767E+01 -1.37323E+02 -2.14371E+01 -6.41684E+00  3.41402E+00 -1.07876E+02  0.00000E+00  0.00000E+00  1.21569E+00  0.00000E+00 -2.13636E+00
 THETA4       -3.08368E+01 -5.82225E-01 -1.37323E+02  6.83886E+02  1.14917E+02  1.17003E+02  3.09880E+00  3.19753E+02  0.00000E+00  0.00000E+00 -5.95762E+00  0.00000E+00  7.32009E+00
 THETA5       -4.45192E+02  7.06770E+01 -2.14371E+01  1.14917E+02  1.91721E+05 -1.72468E+04 -4.87478E+02  5.95012E+03  0.00000E+00  0.00000E+00  9.82213E+02  0.00000E+00  6.29982E+02
 THETA6       -3.74660E+02 -2.00706E+02 -6.41684E+00  1.17003E+02 -1.72468E+04  6.95458E+05  3.42810E+03  7.27750E+03  0.00000E+00  0.00000E+00  5.07470E+01  0.00000E+00 -1.19875E+03
 THETA7       -9.51879E+00 -1.95728E+00  3.41402E+00  3.09880E+00 -4.87478E+02  3.42810E+03  1.95368E+02 -1.80837E+02  0.00000E+00  0.00000E+00 -1.16435E+01  0.00000E+00 -2.02747E+01
 SIGMA(1,1)    1.47146E+00 -7.56185E+01 -1.07876E+02  3.19753E+02  5.95012E+03  7.27750E+03 -1.80837E+02  9.69004E+03  0.00000E+00  0.00000E+00  3.64448E+02  0.00000E+00  1.25628E+02
 SIGMA(2,1)    0.00000E+00  0.00000E+00  0.00000E+00  0.00000E+00  0.00000E+00  0.00000E+00  0.00000E+00  0.00000E+00  0.00000E+00  0.00000E+00  0.00000E+00  0.00000E+00  0.00000E+00
 SIGMA(2,2)    0.00000E+00  0.00000E+00  0.00000E+00  0.00000E+00  0.00000E+00  0.00000E+00  0.00000E+00  0.00000E+00  0.00000E+00  0.00000E+00  0.00000E+00  0.00000E+00  0.00000E+00
 OMEGA(1,1)   -2.22863E+01 -3.08004E+00  1.21569E+00 -5.95762E+00  9.82213E+02  5.07470E+01 -1.16435E+01  3.64448E+02  0.00000E+00  0.00000E+00  5.68181E+01  0.00000E+00  5.32057E+00
 OMEGA(2,1)    0.00000E+00  0.00000E+00  0.00000E+00  0.00000E+00  0.00000E+00  0.00000E+00  0.00000E+00  0.00000E+00  0.00000E+00  0.00000E+00  0.00000E+00  0.00000E+00  0.00000E+00
 OMEGA(2,2)   -7.99051E+00 -1.12675E-02 -2.13636E+00  7.32009E+00  6.29982E+02 -1.19875E+03 -2.02747E+01  1.25628E+02  0.00000E+00  0.00000E+00  5.32057E+00  0.00000E+00  8.15162E+01
