TABLE NO.     1: First Order Conditional Estimation with Interaction: Problem=1 Subproblem=0 Superproblem1=0 Iteration1=0 Superproblem2=0 Iteration2=0
 NAME         THETA1       THETA2       THETA3       THETA4       THETA5       THETA6       THETA7       THETA8       THETA9       SIGMA(1,1)   SIGMA(2,1)   SIGMA(2,2)   OMEGA(1,1)   OMEGA(2,1)   OMEGA(2,2)
 THETA1        2.97677E-02 -9.22710E-02 -4.49283E-02 -7.05989E-03 -4.73342E-05  1.07721E-04  8.64663E-05  1.97743E-05  1.91057E-03 -9.19221E-04  0.00000E+00  0.00000E+00  0.00000E+00  0.00000E+00  5.49097E-03
 THETA2       -9.22710E-02  7.99263E-01  2.32860E-01  3.72884E-02  4.93800E-04 -4.90178E-04  1.69101E-03 -3.21136E-04  4.62878E-03  6.29968E-03  0.00000E+00  0.00000E+00  0.00000E+00  0.00000E+00 -3.42360E-02
 THETA3       -4.49283E-02  2.32860E-01  5.32921E-01  9.98996E-02 -4.05748E-04 -2.89814E-04 -5.51247E-04 -1.26342E-05 -8.88413E-03  3.87417E-03  0.00000E+00  0.00000E+00  0.00000E+00  0.00000E+00 -7.11741E-03
 THETA4       -7.05989E-03  3.72884E-02  9.98996E-02  2.03200E-02 -5.20661E-05 -5.05279E-05 -1.39393E-04  2.78962E-07 -1.66205E-03  6.24818E-04  0.00000E+00  0.00000E+00  0.00000E+00  0.00000E+00 -1.03667E-03
 THETA5       -4.73342E-05  4.93800E-04 -4.05748E-04 -5.20661E-05  1.10788E-04  5.72496E-07  3.73974E-06 -1.28023E-06  6.08481E-05 -1.87997E-05  0.00000E+00  0.00000E+00  0.00000E+00  0.00000E+00 -1.13608E-04
 THETA6        1.07721E-04 -4.90178E-04 -2.89814E-04 -5.05279E-05  5.72496E-07  3.76953E-06  2.41928E-06  5.52457E-08 -3.83233E-06 -7.23342E-06  0.00000E+00  0.00000E+00  0.00000E+00  0.00000E+00 -1.12205E-05
 THETA7        8.64663E-05  1.69101E-03 -5.51247E-04 -1.39393E-04  3.73974E-06  2.41928E-06  4.61710E-05 -1.29922E-06  8.60444E-05 -8.78333E-06  0.00000E+00  0.00000E+00  0.00000E+00  0.00000E+00 -8.95991E-05
 THETA8        1.97743E-05 -3.21136E-04 -1.26342E-05  2.78962E-07 -1.28023E-06  5.52457E-08 -1.29922E-06  4.41117E-06 -4.25714E-05 -3.23940E-06  0.00000E+00  0.00000E+00  0.00000E+00  0.00000E+00  2.04716E-05
 THETA9        1.91057E-03  4.62878E-03 -8.88413E-03 -1.66205E-03  6.08481E-05 -3.83233E-06  8.60444E-05 -4.25714E-05  6.03547E-03  1.01817E-05  0.00000E+00  0.00000E+00  0.00000E+00  0.00000E+00  1.49808E-03
 SIGMA(1,1)   -9.19221E-04  6.29968E-03  3.87417E-03  6.24818E-04 -1.87997E-05 -7.23342E-06 -8.78333E-06 -3.23940E-06  1.01817E-05  1.79518E-04  0.00000E+00  0.00000E+00  0.00000E+00  0.00000E+00 -2.82638E-04
 SIGMA(2,1)    0.00000E+00  0.00000E+00  0.00000E+00  0.00000E+00  0.00000E+00  0.00000E+00  0.00000E+00  0.00000E+00  0.00000E+00  0.00000E+00  0.00000E+00  0.00000E+00  0.00000E+00  0.00000E+00  0.00000E+00
 SIGMA(2,2)    0.00000E+00  0.00000E+00  0.00000E+00  0.00000E+00  0.00000E+00  0.00000E+00  0.00000E+00  0.00000E+00  0.00000E+00  0.00000E+00  0.00000E+00  0.00000E+00  0.00000E+00  0.00000E+00  0.00000E+00
 OMEGA(1,1)    0.00000E+00  0.00000E+00  0.00000E+00  0.00000E+00  0.00000E+00  0.00000E+00  0.00000E+00  0.00000E+00  0.00000E+00  0.00000E+00  0.00000E+00  0.00000E+00  0.00000E+00  0.00000E+00  0.00000E+00
 OMEGA(2,1)    0.00000E+00  0.00000E+00  0.00000E+00  0.00000E+00  0.00000E+00  0.00000E+00  0.00000E+00  0.00000E+00  0.00000E+00  0.00000E+00  0.00000E+00  0.00000E+00  0.00000E+00  0.00000E+00  0.00000E+00
 OMEGA(2,2)    5.49097E-03 -3.42360E-02 -7.11741E-03 -1.03667E-03 -1.13608E-04 -1.12205E-05 -8.95991E-05  2.04716E-05  1.49808E-03 -2.82638E-04  0.00000E+00  0.00000E+00  0.00000E+00  0.00000E+00  6.59266E-03
