TABLE NO.     1: First Order Conditional Estimation with Interaction: Problem=1 Subproblem=0 Superproblem1=0 Iteration1=0 Superproblem2=0 Iteration2=0
 NAME         THETA1       THETA2       THETA3       THETA4       THETA5       THETA6       SIGMA(1,1)   SIGMA(2,1)   SIGMA(2,2)   OMEGA(1,1)   OMEGA(2,1)   OMEGA(2,2)
 THETA1        6.30027E+01  8.62528E+00  7.60425E+00 -3.10182E+01 -4.99635E+02 -8.33338E+00  5.45310E+00  0.00000E+00  0.00000E+00 -2.35576E+01  0.00000E+00 -1.77702E+01
 THETA2        8.62528E+00  8.08157E+00  5.39253E-02 -4.69241E+00  1.49135E+02 -4.13813E+00 -7.41255E+01  0.00000E+00  0.00000E+00 -2.51617E+00  0.00000E+00  7.12941E+00
 THETA3        7.60425E+00  5.39253E-02  2.86336E+01 -1.30603E+02 -1.67006E+01  8.84821E+00 -1.05172E+02  0.00000E+00  0.00000E+00  8.91693E-01  0.00000E+00 -5.19376E+00
 THETA4       -3.10182E+01 -4.69241E+00 -1.30603E+02  6.67296E+02  7.91590E+01 -2.37129E+01  3.51851E+02  0.00000E+00  0.00000E+00 -4.92417E+00  0.00000E+00 -4.72800E+00
 THETA5       -4.99635E+02  1.49135E+02 -1.67006E+01  7.91590E+01  2.32511E+05 -5.76221E+01  6.43307E+03  0.00000E+00  0.00000E+00  1.13430E+03  0.00000E+00  2.45646E+03
 THETA6       -8.33338E+00 -4.13813E+00  8.84821E+00 -2.37129E+01 -5.76221E+01  1.93840E+02 -1.99744E+02  0.00000E+00  0.00000E+00 -1.31907E+01  0.00000E+00 -3.48513E+01
 SIGMA(1,1)    5.45310E+00 -7.41255E+01 -1.05172E+02  3.51851E+02  6.43307E+03 -1.99744E+02  9.57254E+03  0.00000E+00  0.00000E+00  3.66380E+02  0.00000E+00  2.62062E+02
 SIGMA(2,1)    0.00000E+00  0.00000E+00  0.00000E+00  0.00000E+00  0.00000E+00  0.00000E+00  0.00000E+00  0.00000E+00  0.00000E+00  0.00000E+00  0.00000E+00  0.00000E+00
 SIGMA(2,2)    0.00000E+00  0.00000E+00  0.00000E+00  0.00000E+00  0.00000E+00  0.00000E+00  0.00000E+00  0.00000E+00  0.00000E+00  0.00000E+00  0.00000E+00  0.00000E+00
 OMEGA(1,1)   -2.35576E+01 -2.51617E+00  8.91693E-01 -4.92417E+00  1.13430E+03 -1.31907E+01  3.66380E+02  0.00000E+00  0.00000E+00  6.09369E+01  0.00000E+00  3.54154E+01
 OMEGA(2,1)    0.00000E+00  0.00000E+00  0.00000E+00  0.00000E+00  0.00000E+00  0.00000E+00  0.00000E+00  0.00000E+00  0.00000E+00  0.00000E+00  0.00000E+00  0.00000E+00
 OMEGA(2,2)   -1.77702E+01  7.12941E+00 -5.19376E+00 -4.72800E+00  2.45646E+03 -3.48513E+01  2.62062E+02  0.00000E+00  0.00000E+00  3.54154E+01  0.00000E+00  2.20290E+02
