TABLE NO.     1: First Order Conditional Estimation with Interaction: Problem=1 Subproblem=0 Superproblem1=0 Iteration1=0 Superproblem2=0 Iteration2=0
 NAME         THETA1       THETA2       THETA3       THETA4       THETA5       THETA6       THETA7       SIGMA(1,1)   SIGMA(2,1)   SIGMA(2,2)   OMEGA(1,1)   OMEGA(2,1)   OMEGA(2,2)
 THETA1        2.52572E-02 -3.50560E-02 -2.84137E-02 -4.03005E-03  2.36934E-05  1.22858E-05  1.50577E-03 -1.04088E-03  0.00000E+00  0.00000E+00  1.44642E-02  0.00000E+00  3.12032E-03
 THETA2       -3.50560E-02  3.98032E-01  1.24189E-01  2.14490E-02 -2.60049E-04  2.28795E-05  1.45407E-03  4.67682E-03  0.00000E+00  0.00000E+00 -1.72994E-02  0.00000E+00 -5.42337E-03
 THETA3       -2.84137E-02  1.24189E-01  3.17469E-01  6.07861E-02 -8.55611E-05 -3.63216E-06 -5.59104E-03  3.50980E-03  0.00000E+00  0.00000E+00 -2.65997E-02  0.00000E+00 -4.36217E-03
 THETA4       -4.03005E-03  2.14490E-02  6.07861E-02  1.32324E-02 -1.67418E-05  6.60907E-07 -1.09702E-03  5.45925E-04  0.00000E+00  0.00000E+00 -3.70136E-03  0.00000E+00 -7.20777E-04
 THETA5        2.36934E-05 -2.60049E-04 -8.55611E-05 -1.67418E-05  6.02623E-06  4.29145E-08  3.57089E-06 -2.24961E-06  0.00000E+00  0.00000E+00 -9.05848E-05  0.00000E+00 -3.41262E-05
 THETA6        1.22858E-05  2.28795E-05 -3.63216E-06  6.60907E-07  4.29145E-08  1.64639E-06 -2.72140E-05 -2.36642E-06  0.00000E+00  0.00000E+00  1.16246E-05  0.00000E+00  2.10521E-05
 THETA7        1.50577E-03  1.45407E-03 -5.59104E-03 -1.09702E-03  3.57089E-06 -2.72140E-05  6.04438E-03  4.75719E-05  0.00000E+00  0.00000E+00  1.47596E-03  0.00000E+00  1.00569E-03
 SIGMA(1,1)   -1.04088E-03  4.67682E-03  3.50980E-03  5.45925E-04 -2.24961E-06 -2.36642E-06  4.75719E-05  2.27345E-04  0.00000E+00  0.00000E+00 -1.55079E-03  0.00000E+00 -3.13157E-04
 SIGMA(2,1)    0.00000E+00  0.00000E+00  0.00000E+00  0.00000E+00  0.00000E+00  0.00000E+00  0.00000E+00  0.00000E+00  0.00000E+00  0.00000E+00  0.00000E+00  0.00000E+00  0.00000E+00
 SIGMA(2,2)    0.00000E+00  0.00000E+00  0.00000E+00  0.00000E+00  0.00000E+00  0.00000E+00  0.00000E+00  0.00000E+00  0.00000E+00  0.00000E+00  0.00000E+00  0.00000E+00  0.00000E+00
 OMEGA(1,1)    1.44642E-02 -1.72994E-02 -2.65997E-02 -3.70136E-03 -9.05848E-05  1.16246E-05  1.47596E-03 -1.55079E-03  0.00000E+00  0.00000E+00  3.40922E-02  0.00000E+00  2.45360E-03
 OMEGA(2,1)    0.00000E+00  0.00000E+00  0.00000E+00  0.00000E+00  0.00000E+00  0.00000E+00  0.00000E+00  0.00000E+00  0.00000E+00  0.00000E+00  0.00000E+00  0.00000E+00  0.00000E+00
 OMEGA(2,2)    3.12032E-03 -5.42337E-03 -4.36217E-03 -7.20777E-04 -3.41262E-05  2.10521E-05  1.00569E-03 -3.13157E-04  0.00000E+00  0.00000E+00  2.45360E-03  0.00000E+00  1.36689E-02
