TABLE NO.     1: First Order Conditional Estimation with Interaction: Problem=1 Subproblem=0 Superproblem1=0 Iteration1=0 Superproblem2=0 Iteration2=0
 NAME         THETA1       THETA2       THETA3       THETA4       THETA5       THETA6       THETA7       THETA8       THETA9       SIGMA(1,1)   SIGMA(2,1)   SIGMA(2,2)   OMEGA(1,1)   OMEGA(2,1)   OMEGA(2,2)
 THETA1        6.53770E+01  6.39361E+00  7.96402E+00 -3.39171E+01  9.45291E+00 -7.84953E+02 -3.45193E+02  6.95266E+01 -1.28557E+01 -2.38703E+01  0.00000E+00  0.00000E+00  0.00000E+00  0.00000E+00 -2.21676E+01
 THETA2        6.39361E+00  3.51301E+00 -3.76587E-01 -8.26043E-01 -9.30540E+00  2.26854E+02 -1.42767E+02  4.16219E+01 -5.05495E+00 -6.31854E+01  0.00000E+00  0.00000E+00  0.00000E+00  0.00000E+00  8.97758E+00
 THETA3        7.96402E+00 -3.76587E-01  2.86440E+01 -1.34590E+02  2.25837E+01 -3.47686E+01 -1.08925E+02  6.76460E+00  5.90596E+00 -1.09831E+02  0.00000E+00  0.00000E+00  0.00000E+00  0.00000E+00 -6.05057E+00
 THETA4       -3.39171E+01 -8.26043E-01 -1.34590E+02  6.93312E+02 -1.14837E+02  1.76941E+02  7.00917E+02 -2.97468E+01 -9.10222E+00  3.99488E+02  0.00000E+00  0.00000E+00  0.00000E+00  0.00000E+00  1.48135E+01
 THETA5        9.45291E+00 -9.30540E+00  2.25837E+01 -1.14837E+02  9.71091E+03  8.00848E+02  5.15731E+02  1.05398E+03 -1.52197E+02  1.75528E+03  0.00000E+00  0.00000E+00  0.00000E+00  0.00000E+00  2.32406E+02
 THETA6       -7.84953E+02  2.26854E+02 -3.47686E+01  1.76941E+02  8.00848E+02  3.45768E+05 -1.92237E+04  2.61305E+03 -2.19924E+01  5.01780E+03  0.00000E+00  0.00000E+00  0.00000E+00  0.00000E+00  2.37516E+03
 THETA7       -3.45193E+02 -1.42767E+02 -1.08925E+02  7.00917E+02  5.15731E+02 -1.92237E+04  3.09437E+04  1.23186E+02 -2.56876E+02  4.23965E+03  0.00000E+00  0.00000E+00  0.00000E+00  0.00000E+00  1.75200E+02
 THETA8        6.95266E+01  4.16219E+01  6.76460E+00 -2.97468E+01  1.05398E+03  2.61305E+03  1.23186E+02  2.54743E+05  1.97034E+03  2.03849E+03  0.00000E+00  0.00000E+00  0.00000E+00  0.00000E+00 -9.66221E+02
 THETA9       -1.28557E+01 -5.05495E+00  5.90596E+00 -9.10222E+00 -1.52197E+02 -2.19924E+01 -2.56876E+02  1.97034E+03  2.18270E+02 -1.12091E+02  0.00000E+00  0.00000E+00  0.00000E+00  0.00000E+00 -7.72721E+01
 SIGMA(1,1)   -2.38703E+01 -6.31854E+01 -1.09831E+02  3.99488E+02  1.75528E+03  5.01780E+03  4.23965E+03  2.03849E+03 -1.12091E+02  9.53435E+03  0.00000E+00  0.00000E+00  0.00000E+00  0.00000E+00  1.60304E+02
 SIGMA(2,1)    0.00000E+00  0.00000E+00  0.00000E+00  0.00000E+00  0.00000E+00  0.00000E+00  0.00000E+00  0.00000E+00  0.00000E+00  0.00000E+00  0.00000E+00  0.00000E+00  0.00000E+00  0.00000E+00  0.00000E+00
 SIGMA(2,2)    0.00000E+00  0.00000E+00  0.00000E+00  0.00000E+00  0.00000E+00  0.00000E+00  0.00000E+00  0.00000E+00  0.00000E+00  0.00000E+00  0.00000E+00  0.00000E+00  0.00000E+00  0.00000E+00  0.00000E+00
 OMEGA(1,1)    0.00000E+00  0.00000E+00  0.00000E+00  0.00000E+00  0.00000E+00  0.00000E+00  0.00000E+00  0.00000E+00  0.00000E+00  0.00000E+00  0.00000E+00  0.00000E+00  0.00000E+00  0.00000E+00  0.00000E+00
 OMEGA(2,1)    0.00000E+00  0.00000E+00  0.00000E+00  0.00000E+00  0.00000E+00  0.00000E+00  0.00000E+00  0.00000E+00  0.00000E+00  0.00000E+00  0.00000E+00  0.00000E+00  0.00000E+00  0.00000E+00  0.00000E+00
 OMEGA(2,2)   -2.21676E+01  8.97758E+00 -6.05057E+00  1.48135E+01  2.32406E+02  2.37516E+03  1.75200E+02 -9.66221E+02 -7.72721E+01  1.60304E+02  0.00000E+00  0.00000E+00  0.00000E+00  0.00000E+00  2.50425E+02
