TABLE NO.     1: First Order Conditional Estimation with Interaction: Problem=1 Subproblem=0 Superproblem1=0 Iteration1=0 Superproblem2=0 Iteration2=0
 NAME         THETA1       THETA2       THETA3       THETA4       THETA5       THETA6       THETA7       THETA8       THETA9       SIGMA(1,1)   SIGMA(2,1)   SIGMA(2,2)   OMEGA(1,1)   OMEGA(2,1)   OMEGA(2,2)
 THETA1        1.72533E-01 -5.98202E-01 -3.56711E-01 -2.87054E-01 -2.60649E-02  3.21575E-01  7.37547E-02  5.45696E-02  1.42540E-01 -3.97643E-01  0.00000E+00  0.00000E+00  0.00000E+00  0.00000E+00  3.91964E-01
 THETA2       -5.98202E-01  8.94015E-01  3.56796E-01  2.92595E-01  5.24759E-02 -2.82400E-01  2.78366E-01 -1.71028E-01  6.66447E-02  5.25920E-01  0.00000E+00  0.00000E+00  0.00000E+00  0.00000E+00 -4.71636E-01
 THETA3       -3.56711E-01  3.56796E-01  7.30014E-01  9.59999E-01 -5.28055E-02 -2.04477E-01 -1.11130E-01 -8.24024E-03 -1.56649E-01  3.96089E-01  0.00000E+00  0.00000E+00  0.00000E+00  0.00000E+00 -1.20077E-01
 THETA4       -2.87054E-01  2.92595E-01  9.59999E-01  1.42548E-01 -3.47014E-02 -1.82569E-01 -1.43911E-01  9.31765E-04 -1.50082E-01  3.27143E-01  0.00000E+00  0.00000E+00  0.00000E+00  0.00000E+00 -8.95671E-02
 THETA5       -2.60649E-02  5.24759E-02 -5.28055E-02 -3.47014E-02  1.05256E-02  2.80145E-02  5.22891E-02 -5.79116E-02  7.44125E-02 -1.33306E-01  0.00000E+00  0.00000E+00  0.00000E+00  0.00000E+00 -1.32933E-01
 THETA6        3.21575E-01 -2.82400E-01 -2.04477E-01 -1.82569E-01  2.80145E-02  1.94153E-03  1.83383E-01  1.35481E-02 -2.54076E-02 -2.78065E-01  0.00000E+00  0.00000E+00  0.00000E+00  0.00000E+00 -7.11770E-02
 THETA7        7.37547E-02  2.78366E-01 -1.11130E-01 -1.43911E-01  5.22891E-02  1.83383E-01  6.79492E-03 -9.10379E-02  1.62998E-01 -9.64763E-02  0.00000E+00  0.00000E+00  0.00000E+00  0.00000E+00 -1.62401E-01
 THETA8        5.45696E-02 -1.71028E-01 -8.24024E-03  9.31765E-04 -5.79116E-02  1.35481E-02 -9.10379E-02  2.10028E-03 -2.60907E-01 -1.15116E-01  0.00000E+00  0.00000E+00  0.00000E+00  0.00000E+00  1.20045E-01
 THETA9        1.42540E-01  6.66447E-02 -1.56649E-01 -1.50082E-01  7.44125E-02 -2.54076E-02  1.62998E-01 -2.60907E-01  7.76883E-02  9.78159E-03  0.00000E+00  0.00000E+00  0.00000E+00  0.00000E+00  2.37493E-01
 SIGMA(1,1)   -3.97643E-01  5.25920E-01  3.96089E-01  3.27143E-01 -1.33306E-01 -2.78065E-01 -9.64763E-02 -1.15116E-01  9.78159E-03  1.33984E-02  0.00000E+00  0.00000E+00  0.00000E+00  0.00000E+00 -2.59804E-01
 SIGMA(2,1)    0.00000E+00  0.00000E+00  0.00000E+00  0.00000E+00  0.00000E+00  0.00000E+00  0.00000E+00  0.00000E+00  0.00000E+00  0.00000E+00  0.00000E+00  0.00000E+00  0.00000E+00  0.00000E+00  0.00000E+00
 SIGMA(2,2)    0.00000E+00  0.00000E+00  0.00000E+00  0.00000E+00  0.00000E+00  0.00000E+00  0.00000E+00  0.00000E+00  0.00000E+00  0.00000E+00  0.00000E+00  0.00000E+00  0.00000E+00  0.00000E+00  0.00000E+00
 OMEGA(1,1)    0.00000E+00  0.00000E+00  0.00000E+00  0.00000E+00  0.00000E+00  0.00000E+00  0.00000E+00  0.00000E+00  0.00000E+00  0.00000E+00  0.00000E+00  0.00000E+00  0.00000E+00  0.00000E+00  0.00000E+00
 OMEGA(2,1)    0.00000E+00  0.00000E+00  0.00000E+00  0.00000E+00  0.00000E+00  0.00000E+00  0.00000E+00  0.00000E+00  0.00000E+00  0.00000E+00  0.00000E+00  0.00000E+00  0.00000E+00  0.00000E+00  0.00000E+00
 OMEGA(2,2)    3.91964E-01 -4.71636E-01 -1.20077E-01 -8.95671E-02 -1.32933E-01 -7.11770E-02 -1.62401E-01  1.20045E-01  2.37493E-01 -2.59804E-01  0.00000E+00  0.00000E+00  0.00000E+00  0.00000E+00  8.11952E-02
