TABLE NO.     1: First Order Conditional Estimation with Interaction: Problem=1 Subproblem=0 Superproblem1=0 Iteration1=0 Superproblem2=0 Iteration2=0
 NAME         THETA1       THETA2       THETA3       THETA4       THETA5       THETA6       THETA7       SIGMA(1,1)   SIGMA(2,1)   SIGMA(2,2)   OMEGA(1,1)   OMEGA(2,1)   OMEGA(2,2)
 THETA1        1.58847E-01 -3.49021E-01 -3.16949E-01 -2.20244E-01  6.09401E-02  5.81846E-02  1.21711E-01 -4.33734E-01  0.00000E+00  0.00000E+00  4.92535E-01  0.00000E+00  1.67381E-01
 THETA2       -3.49021E-01  6.30432E-01  3.49067E-01  2.95056E-01 -1.67311E-01  3.02360E-02  3.01813E-02  4.91136E-01  0.00000E+00  0.00000E+00 -1.48426E-01  0.00000E+00 -7.28503E-02
 THETA3       -3.16949E-01  3.49067E-01  5.63260E-01  9.37809E-01 -6.16232E-02 -1.27565E-03 -1.28181E-01  4.12575E-01  0.00000E+00  0.00000E+00 -2.55584E-01  0.00000E+00 -6.54417E-02
 THETA4       -2.20244E-01  2.95056E-01  9.37809E-01  1.15036E-01 -5.90202E-02  4.72364E-03 -1.21947E-01  3.14530E-01  0.00000E+00  0.00000E+00 -1.74299E-01  0.00000E+00 -5.32689E-02
 THETA5        6.09401E-02 -1.67311E-01 -6.16232E-02 -5.90202E-02  2.45272E-03  9.18531E-03  1.89473E-02 -6.04096E-02  0.00000E+00  0.00000E+00 -1.99404E-01  0.00000E+00 -1.19022E-01
 THETA6        5.81846E-02  3.02360E-02 -1.27565E-03  4.72364E-03  9.18531E-03  1.28616E-03 -2.80269E-01 -1.19663E-01  0.00000E+00  0.00000E+00  4.49559E-02  0.00000E+00  1.40499E-01
 THETA7        1.21711E-01  3.01813E-02 -1.28181E-01 -1.21947E-01  1.89473E-02 -2.80269E-01  7.78865E-02  4.11220E-02  0.00000E+00  0.00000E+00  1.03687E-01  0.00000E+00  1.09246E-01
 SIGMA(1,1)   -4.33734E-01  4.91136E-01  4.12575E-01  3.14530E-01 -6.04096E-02 -1.19663E-01  4.11220E-02  1.50673E-02  0.00000E+00  0.00000E+00 -5.56666E-01  0.00000E+00 -1.77084E-01
 SIGMA(2,1)    0.00000E+00  0.00000E+00  0.00000E+00  0.00000E+00  0.00000E+00  0.00000E+00  0.00000E+00  0.00000E+00  0.00000E+00  0.00000E+00  0.00000E+00  0.00000E+00  0.00000E+00
 SIGMA(2,2)    0.00000E+00  0.00000E+00  0.00000E+00  0.00000E+00  0.00000E+00  0.00000E+00  0.00000E+00  0.00000E+00  0.00000E+00  0.00000E+00  0.00000E+00  0.00000E+00  0.00000E+00
 OMEGA(1,1)    4.92535E-01 -1.48426E-01 -2.55584E-01 -1.74299E-01 -1.99404E-01  4.49559E-02  1.03687E-01 -5.56666E-01  0.00000E+00  0.00000E+00  1.84551E-01  0.00000E+00  1.12802E-01
 OMEGA(2,1)    0.00000E+00  0.00000E+00  0.00000E+00  0.00000E+00  0.00000E+00  0.00000E+00  0.00000E+00  0.00000E+00  0.00000E+00  0.00000E+00  0.00000E+00  0.00000E+00  0.00000E+00
 OMEGA(2,2)    1.67381E-01 -7.28503E-02 -6.54417E-02 -5.32689E-02 -1.19022E-01  1.40499E-01  1.09246E-01 -1.77084E-01  0.00000E+00  0.00000E+00  1.12802E-01  0.00000E+00  1.16897E-01
