TABLE NO.     1: First Order Conditional Estimation with Interaction: Problem=1 Subproblem=0 Superproblem1=0 Iteration1=0 Superproblem2=0 Iteration2=0
 NAME         THETA1       THETA2       THETA3       THETA4       THETA5       THETA6       THETA7       THETA8       SIGMA(1,1)   SIGMA(2,1)   SIGMA(2,2)   OMEGA(1,1)   OMEGA(2,1)   OMEGA(2,2)
 THETA1        3.04291E-02 -5.98196E-02 -4.27707E-02 -6.51446E-03 -1.40479E-04  5.73938E-05 -5.50547E-05  1.27173E-03 -1.33128E-03  0.00000E+00  0.00000E+00  1.61492E-02  0.00000E+00  1.80204E-03
 THETA2       -5.98196E-02  4.55055E-01  1.86716E-01  3.14778E-02 -1.01862E-04 -3.85809E-04  3.55045E-04  4.50734E-03  5.89667E-03  0.00000E+00  0.00000E+00 -2.72180E-02  0.00000E+00 -9.94460E-05
 THETA3       -4.27707E-02  1.86716E-01  4.29776E-01  8.25001E-02 -3.29611E-04 -1.52353E-04  1.52351E-04 -7.16277E-03  4.60703E-03  0.00000E+00  0.00000E+00 -3.33772E-02  0.00000E+00 -1.08492E-03
 THETA4       -6.51446E-03  3.14778E-02  8.25001E-02  1.73790E-02 -4.00790E-05 -2.62892E-05  2.34429E-05 -1.38829E-03  7.34573E-04  0.00000E+00  0.00000E+00 -5.00731E-03  0.00000E+00 -2.72674E-04
 THETA5       -1.40479E-04 -1.01862E-04 -3.29611E-04 -4.00790E-05  1.16686E-04  1.14462E-06 -1.16772E-06  6.48883E-05 -1.60112E-05  0.00000E+00  0.00000E+00 -1.69433E-04  0.00000E+00 -2.04130E-04
 THETA6        5.73938E-05 -3.85809E-04 -1.52353E-04 -2.62892E-05  1.14462E-06  3.41746E-06 -1.30045E-07 -6.99403E-06 -3.87647E-06  0.00000E+00  0.00000E+00 -4.88302E-05  0.00000E+00 -1.96656E-05
 THETA7       -5.50547E-05  3.55045E-04  1.52351E-04  2.34429E-05 -1.16772E-06 -1.30045E-07  9.23081E-06 -7.10639E-05 -4.12886E-07  0.00000E+00  0.00000E+00 -2.86542E-05  0.00000E+00  2.41150E-05
 THETA8        1.27173E-03  4.50734E-03 -7.16277E-03 -1.38829E-03  6.48883E-05 -6.99403E-06 -7.10639E-05  5.98416E-03  4.76204E-05  0.00000E+00  0.00000E+00  1.44861E-03  0.00000E+00  7.50202E-04
 SIGMA(1,1)   -1.33128E-03  5.89667E-03  4.60703E-03  7.34573E-04 -1.60112E-05 -3.87647E-06 -4.12886E-07  4.76204E-05  2.47558E-04  0.00000E+00  0.00000E+00 -1.62314E-03  0.00000E+00 -1.40106E-04
 SIGMA(2,1)    0.00000E+00  0.00000E+00  0.00000E+00  0.00000E+00  0.00000E+00  0.00000E+00  0.00000E+00  0.00000E+00  0.00000E+00  0.00000E+00  0.00000E+00  0.00000E+00  0.00000E+00  0.00000E+00
 SIGMA(2,2)    0.00000E+00  0.00000E+00  0.00000E+00  0.00000E+00  0.00000E+00  0.00000E+00  0.00000E+00  0.00000E+00  0.00000E+00  0.00000E+00  0.00000E+00  0.00000E+00  0.00000E+00  0.00000E+00
 OMEGA(1,1)    1.61492E-02 -2.72180E-02 -3.33772E-02 -5.00731E-03 -1.69433E-04 -4.88302E-05 -2.86542E-05  1.44861E-03 -1.62314E-03  0.00000E+00  0.00000E+00  3.39119E-02  0.00000E+00  5.21348E-04
 OMEGA(2,1)    0.00000E+00  0.00000E+00  0.00000E+00  0.00000E+00  0.00000E+00  0.00000E+00  0.00000E+00  0.00000E+00  0.00000E+00  0.00000E+00  0.00000E+00  0.00000E+00  0.00000E+00  0.00000E+00
 OMEGA(2,2)    1.80204E-03 -9.94460E-05 -1.08492E-03 -2.72674E-04 -2.04130E-04 -1.96656E-05  2.41150E-05  7.50202E-04 -1.40106E-04  0.00000E+00  0.00000E+00  5.21348E-04  0.00000E+00  6.85945E-03
