TABLE NO.     1: First Order Conditional Estimation with Interaction: Problem=1 Subproblem=0 Superproblem1=0 Iteration1=0 Superproblem2=0 Iteration2=0
 NAME         THETA1       THETA2       THETA3       THETA4       THETA5       THETA6       SIGMA(1,1)   SIGMA(2,1)   SIGMA(2,2)   OMEGA(1,1)   OMEGA(2,1)   OMEGA(2,2)
 THETA1        1.76668E-01 -5.40427E-01 -3.53767E-01 -2.65344E-01  7.72993E-02  1.26387E-01 -4.87745E-01  0.00000E+00  0.00000E+00  5.17850E-01  0.00000E+00  1.11782E-01
 THETA2       -5.40427E-01  4.61182E-01  3.46024E-01  3.03532E-01 -1.41792E-01  2.29191E-02  4.84048E-01  0.00000E+00  0.00000E+00 -2.52412E-01  0.00000E+00 -1.71914E-01
 THETA3       -3.53767E-01  3.46024E-01  6.67734E-01  9.51085E-01 -1.04247E-01 -1.37092E-01  3.95887E-01  0.00000E+00  0.00000E+00 -3.07212E-01  0.00000E+00  1.46999E-01
 THETA4       -2.65344E-01  3.03532E-01  9.51085E-01  1.31609E-01 -1.04167E-01 -1.06096E-01  3.09954E-01  0.00000E+00  0.00000E+00 -2.32393E-01  0.00000E+00  1.58739E-01
 THETA5        7.72993E-02 -1.41792E-01 -1.04247E-01 -1.04167E-01  2.29740E-03 -6.44245E-02 -6.51507E-02  0.00000E+00  0.00000E+00 -1.29754E-01  0.00000E+00 -2.58457E-01
 THETA6        1.26387E-01  2.29191E-02 -1.37092E-01 -1.06096E-01 -6.44245E-02  7.53429E-02  1.04737E-02  0.00000E+00  0.00000E+00  1.21168E-01  0.00000E+00  1.13036E-01
 SIGMA(1,1)   -4.87745E-01  4.84048E-01  3.95887E-01  3.09954E-01 -6.51507E-02  1.04737E-02  1.46590E-02  0.00000E+00  0.00000E+00 -5.79130E-01  0.00000E+00 -7.15701E-02
 SIGMA(2,1)    0.00000E+00  0.00000E+00  0.00000E+00  0.00000E+00  0.00000E+00  0.00000E+00  0.00000E+00  0.00000E+00  0.00000E+00  0.00000E+00  0.00000E+00  0.00000E+00
 SIGMA(2,2)    0.00000E+00  0.00000E+00  0.00000E+00  0.00000E+00  0.00000E+00  0.00000E+00  0.00000E+00  0.00000E+00  0.00000E+00  0.00000E+00  0.00000E+00  0.00000E+00
 OMEGA(1,1)    5.17850E-01 -2.52412E-01 -3.07212E-01 -2.32393E-01 -1.29754E-01  1.21168E-01 -5.79130E-01  0.00000E+00  0.00000E+00  1.84080E-01  0.00000E+00 -1.16490E-01
 OMEGA(2,1)    0.00000E+00  0.00000E+00  0.00000E+00  0.00000E+00  0.00000E+00  0.00000E+00  0.00000E+00  0.00000E+00  0.00000E+00  0.00000E+00  0.00000E+00  0.00000E+00
 OMEGA(2,2)    1.11782E-01 -1.71914E-01  1.46999E-01  1.58739E-01 -2.58457E-01  1.13036E-01 -7.15701E-02  0.00000E+00  0.00000E+00 -1.16490E-01  0.00000E+00  7.78764E-02
